## htsjdk.samtools.metrics.StringHeader
# MarkDuplicates INPUT=[../results/readAlign/S4.bc2010.bam] OUTPUT=../results/readAlign/S4.bc2010.dedup.bam METRICS_FILE=metrics.txt VALIDATION_STRINGENCY=LENIENT    MAX_SEQUENCES_FOR_DISK_READ_ENDS_MAP=50000 MAX_FILE_HANDLES_FOR_READ_ENDS_MAP=8000 SORTING_COLLECTION_SIZE_RATIO=0.25 TAG_DUPLICATE_SET_MEMBERS=false REMOVE_SEQUENCING_DUPLICATES=false TAGGING_POLICY=DontTag CLEAR_DT=true DUPLEX_UMI=false ADD_PG_TAG_TO_READS=true REMOVE_DUPLICATES=false ASSUME_SORTED=false DUPLICATE_SCORING_STRATEGY=SUM_OF_BASE_QUALITIES PROGRAM_RECORD_ID=MarkDuplicates PROGRAM_GROUP_NAME=MarkDuplicates READ_NAME_REGEX=<optimized capture of last three ':' separated fields as numeric values> OPTICAL_DUPLICATE_PIXEL_DISTANCE=100 MAX_OPTICAL_DUPLICATE_SET_SIZE=300000 VERBOSITY=INFO QUIET=false COMPRESSION_LEVEL=5 MAX_RECORDS_IN_RAM=500000 CREATE_INDEX=false CREATE_MD5_FILE=false GA4GH_CLIENT_SECRETS=client_secrets.json USE_JDK_DEFLATER=false USE_JDK_INFLATER=false
## htsjdk.samtools.metrics.StringHeader
# Started on: Tue Jul 02 15:48:04 EDT 2024

## METRICS CLASS	picard.sam.DuplicationMetrics
LIBRARY	UNPAIRED_READS_EXAMINED	READ_PAIRS_EXAMINED	SECONDARY_OR_SUPPLEMENTARY_RDS	UNMAPPED_READS	UNPAIRED_READ_DUPLICATES	READ_PAIR_DUPLICATES	READ_PAIR_OPTICAL_DUPLICATES	PERCENT_DUPLICATION	ESTIMATED_LIBRARY_SIZE
Unknown Library	5735168	20778551	4776499	12242260	1414195	2347278	119469	0.12917	88770855

## HISTOGRAM	java.lang.Double
BIN	CoverageMult	all_sets	optical_sets	non_optical_sets
1.0	1.005133	16878668	0	16974752
2.0	1.800501	1399982	114189	1321560
3.0	2.429881	134226	1137	118903
4.0	2.927914	13443	21	11370
5.0	3.322011	1858	6	1633
6.0	3.633862	594	2	563
7.0	3.880633	337	1	331
8.0	4.075904	246	1	245
9.0	4.230423	175	2	177
10.0	4.352695	148	0	146
11.0	4.44945	100	2	99
12.0	4.526013	86	2	86
13.0	4.586597	83	0	85
14.0	4.634538	75	1	73
15.0	4.672474	51	0	50
16.0	4.702493	52	0	53
17.0	4.726247	51	0	49
18.0	4.745044	35	0	37
19.0	4.759918	48	0	49
20.0	4.771688	39	0	38
21.0	4.781002	33	0	31
22.0	4.788372	23	0	23
23.0	4.794204	20	0	20
24.0	4.798819	24	0	25
25.0	4.802471	24	0	23
26.0	4.80536	13	0	14
27.0	4.807647	15	0	14
28.0	4.809456	20	0	21
29.0	4.810888	17	0	16
30.0	4.812021	16	0	16
31.0	4.812918	14	0	14
32.0	4.813627	13	0	13
33.0	4.814188	11	0	11
34.0	4.814633	12	0	12
35.0	4.814984	9	0	9
36.0	4.815262	18	0	18
37.0	4.815482	9	0	9
38.0	4.815657	12	0	12
39.0	4.815794	10	1	10
40.0	4.815904	12	0	12
41.0	4.81599	12	0	12
42.0	4.816058	12	0	13
43.0	4.816112	6	0	5
44.0	4.816155	6	0	6
45.0	4.816189	7	0	7
46.0	4.816216	7	0	7
47.0	4.816237	8	0	8
48.0	4.816254	10	0	11
49.0	4.816267	10	0	9
50.0	4.816277	7	0	7
51.0	4.816286	7	0	7
52.0	4.816292	6	0	6
53.0	4.816297	6	0	6
54.0	4.816301	5	0	6
55.0	4.816305	9	0	8
56.0	4.816307	6	0	6
57.0	4.816309	9	0	9
58.0	4.816311	4	0	4
59.0	4.816312	7	0	7
60.0	4.816313	6	0	6
61.0	4.816314	4	0	4
62.0	4.816315	2	0	2
63.0	4.816315	3	0	3
64.0	4.816316	5	0	5
65.0	4.816316	5	0	5
66.0	4.816316	4	0	4
67.0	4.816316	7	0	7
68.0	4.816316	5	0	5
69.0	4.816317	6	0	6
70.0	4.816317	1	0	1
71.0	4.816317	4	0	4
72.0	4.816317	0	0	0
73.0	4.816317	3	0	3
74.0	4.816317	4	0	4
75.0	4.816317	2	0	2
76.0	4.816317	1	0	1
77.0	4.816317	7	0	7
78.0	4.816317	1	0	1
79.0	4.816317	2	0	2
80.0	4.816317	5	0	5
81.0	4.816317	2	0	2
82.0	4.816317	1	0	2
83.0	4.816317	3	0	3
84.0	4.816317	3	0	3
85.0	4.816317	4	0	3
86.0	4.816317	1	0	1
87.0	4.816317	4	0	4
88.0	4.816317	0	0	0
89.0	4.816317	2	0	2
90.0	4.816317	2	0	2
91.0	4.816317	0	0	0
92.0	4.816317	3	0	3
93.0	4.816317	3	0	3
94.0	4.816317	3	0	3
95.0	4.816317	2	0	2
96.0	4.816317	1	0	1
97.0	4.816317	0	0	0
98.0	4.816317	4	0	4
99.0	4.816317	4	0	4
100.0	4.816317	3	0	3
101.0	0	4	0	4
102.0	0	5	0	5
103.0	0	4	0	4
104.0	0	3	0	4
105.0	0	2	0	1
106.0	0	1	0	1
107.0	0	2	0	2
108.0	0	3	0	3
109.0	0	1	0	1
110.0	0	5	0	5
111.0	0	2	0	2
112.0	0	5	0	5
113.0	0	4	0	4
114.0	0	4	0	4
115.0	0	3	0	3
116.0	0	1	0	1
117.0	0	1	0	1
118.0	0	1	0	1
119.0	0	3	0	4
120.0	0	2	0	1
121.0	0	4	0	4
122.0	0	4	0	4
123.0	0	3	0	3
124.0	0	3	0	3
125.0	0	2	0	2
126.0	0	7	0	7
127.0	0	2	0	2
128.0	0	1	0	1
129.0	0	2	0	2
130.0	0	1	0	1
131.0	0	1	0	1
132.0	0	2	1	2
133.0	0	2	0	2
134.0	0	0	1	0
135.0	0	1	0	1
136.0	0	0	1	0
137.0	0	2	0	2
138.0	0	3	1	3
139.0	0	1	0	1
140.0	0	1	0	1
141.0	0	1	0	1
142.0	0	2	1	2
143.0	0	1	0	2
144.0	0	1	0	0
145.0	0	1	0	1
147.0	0	1	0	1
148.0	0	1	0	1
149.0	0	2	0	2
150.0	0	2	0	2
152.0	0	2	1	2
154.0	0	2	0	2
155.0	0	3	1	3
156.0	0	2	0	2
157.0	0	1	0	1
158.0	0	1	0	1
159.0	0	1	0	1
160.0	0	1	0	1
161.0	0	0	1	0
162.0	0	1	0	1
163.0	0	1	0	1
164.0	0	2	0	2
165.0	0	1	0	2
166.0	0	1	0	0
167.0	0	1	1	1
168.0	0	1	0	1
170.0	0	2	0	2
172.0	0	0	1	0
174.0	0	1	0	1
175.0	0	2	0	2
176.0	0	1	0	1
177.0	0	1	0	1
178.0	0	1	0	1
179.0	0	3	0	3
180.0	0	0	1	1
181.0	0	2	0	1
182.0	0	2	0	2
184.0	0	2	0	2
186.0	0	1	0	1
188.0	0	2	0	2
189.0	0	1	0	1
190.0	0	2	0	2
191.0	0	1	0	1
192.0	0	2	0	2
193.0	0	2	0	2
194.0	0	2	0	2
195.0	0	0	1	0
196.0	0	1	0	1
197.0	0	1	0	1
198.0	0	4	0	4
200.0	0	2	0	2
204.0	0	1	0	1
205.0	0	1	0	1
206.0	0	1	0	1
209.0	0	1	0	1
212.0	0	2	0	2
214.0	0	1	0	1
216.0	0	1	0	1
218.0	0	1	0	1
219.0	0	1	0	1
222.0	0	2	0	2
224.0	0	1	0	1
226.0	0	2	0	2
227.0	0	1	0	1
228.0	0	1	0	1
229.0	0	2	0	2
231.0	0	1	0	1
232.0	0	1	0	1
237.0	0	1	0	1
246.0	0	1	0	1
248.0	0	0	0	1
249.0	0	2	0	1
250.0	0	1	0	1
254.0	0	1	0	1
259.0	0	0	1	0
260.0	0	0	1	1
261.0	0	1	0	0
268.0	0	1	0	1
271.0	0	2	0	2
273.0	0	1	0	1
275.0	0	2	0	2
277.0	0	1	0	1
280.0	0	0	0	1
281.0	0	1	0	0
283.0	0	1	0	1
290.0	0	1	0	1
293.0	0	1	0	1
297.0	0	1	0	1
300.0	0	2	0	2
301.0	0	0	0	1
302.0	0	2	0	1
313.0	0	1	0	1
315.0	0	1	0	1
316.0	0	1	0	1
319.0	0	0	0	1
320.0	0	1	0	0
321.0	0	1	0	1
322.0	0	1	0	1
327.0	0	0	0	1
328.0	0	1	0	0
331.0	0	1	0	1
332.0	0	1	0	1
334.0	0	1	0	1
339.0	0	1	0	1
340.0	0	1	0	1
342.0	0	1	0	1
345.0	0	0	0	1
346.0	0	1	0	0
348.0	0	1	0	1
351.0	0	2	0	2
352.0	0	1	0	1
365.0	0	1	0	1
366.0	0	1	0	1
370.0	0	1	0	1
374.0	0	1	0	1
377.0	0	1	0	1
385.0	0	1	0	1
388.0	0	1	0	1
389.0	0	1	0	1
394.0	0	1	0	1
399.0	0	0	0	1
400.0	0	1	0	0
405.0	0	0	0	1
406.0	0	0	0	1
407.0	0	1	0	0
408.0	0	1	0	0
409.0	0	1	0	1
416.0	0	1	0	1
418.0	0	1	0	1
419.0	0	0	1	0
424.0	0	0	0	1
425.0	0	3	0	2
427.0	0	1	0	1
435.0	0	1	0	1
437.0	0	1	0	1
439.0	0	1	0	1
450.0	0	1	0	1
465.0	0	1	0	1
484.0	0	0	0	1
485.0	0	2	0	1
486.0	0	1	0	1
500.0	0	1	0	1
501.0	0	1	0	1
506.0	0	1	0	1
507.0	0	1	0	1
508.0	0	1	0	1
515.0	0	1	0	1
522.0	0	1	0	1
529.0	0	0	0	1
530.0	0	2	0	1
533.0	0	1	0	1
539.0	0	1	0	1
540.0	0	0	0	1
541.0	0	1	0	0
545.0	0	1	0	1
547.0	0	1	0	1
548.0	0	1	0	1
551.0	0	1	0	1
569.0	0	0	0	1
570.0	0	1	0	0
572.0	0	1	0	1
579.0	0	0	0	1
580.0	0	2	0	1
588.0	0	0	0	1
589.0	0	0	0	1
590.0	0	1	0	0
593.0	0	1	0	0
611.0	0	0	0	1
612.0	0	1	0	0
615.0	0	1	0	1
630.0	0	0	0	1
638.0	0	1	0	0
675.0	0	1	0	1
677.0	0	1	0	1
688.0	0	1	0	1
697.0	0	1	0	1
700.0	0	1	0	1
703.0	0	1	0	1
724.0	0	0	0	1
729.0	0	1	0	0
731.0	0	1	0	1
767.0	0	0	0	1
769.0	0	1	0	0
778.0	0	1	0	1
781.0	0	1	0	1
786.0	0	2	0	2
794.0	0	1	0	2
795.0	0	1	0	0
798.0	0	0	0	1
799.0	0	1	0	0
809.0	0	0	0	1
810.0	0	1	0	0
812.0	0	0	0	1
813.0	0	1	0	0
814.0	0	0	0	1
815.0	0	1	0	0
822.0	0	0	0	1
823.0	0	1	0	0
826.0	0	1	0	1
835.0	0	1	0	1
843.0	0	1	0	1
900.0	0	0	0	1
901.0	0	1	0	0
904.0	0	1	0	1
937.0	0	1	0	1
943.0	0	1	0	1
950.0	0	1	0	1
958.0	0	0	0	1
959.0	0	1	0	0
972.0	0	1	0	1
988.0	0	0	0	1
989.0	0	1	0	0
1011.0	0	1	0	1
1020.0	0	0	0	1
1021.0	0	1	0	0
1029.0	0	1	0	1
1040.0	0	0	0	1
1041.0	0	1	0	0
1056.0	0	1	0	1
1083.0	0	1	0	1
1094.0	0	0	0	1
1095.0	0	1	0	0
1113.0	0	1	0	1
1118.0	0	0	0	1
1119.0	0	1	0	0
1186.0	0	1	0	1
1192.0	0	1	0	2
1193.0	0	1	0	0
1198.0	0	1	0	1
1239.0	0	0	0	1
1240.0	0	1	0	0
1242.0	0	1	0	1
1269.0	0	1	0	1
1272.0	0	1	0	1
1290.0	0	0	0	1
1291.0	0	1	0	0
1434.0	0	0	0	1
1435.0	0	1	0	0
1476.0	0	0	0	1
1477.0	0	1	0	0
1503.0	0	0	0	1
1504.0	0	1	0	0
1563.0	0	1	0	1
1585.0	0	0	0	1
1588.0	0	1	0	0
1614.0	0	0	0	1
1616.0	0	1	0	0
1636.0	0	0	0	1
1637.0	0	1	0	0
1696.0	0	0	0	1
1698.0	0	1	0	0
1725.0	0	1	0	1
1774.0	0	0	0	1
1776.0	0	1	0	0
1779.0	0	0	0	1
1781.0	0	1	0	0
1885.0	0	0	0	1
1888.0	0	1	0	0
1904.0	0	0	0	1
1905.0	0	1	0	0
1973.0	0	0	0	1
1975.0	0	1	0	0
1976.0	0	0	0	1
1979.0	0	1	0	0
2090.0	0	0	0	1
2093.0	0	1	0	0
2108.0	0	0	0	1
2109.0	0	1	0	0
2210.0	0	0	0	1
2248.0	0	1	0	0
2420.0	0	0	0	1
2422.0	0	1	0	0
2486.0	0	0	0	1
2487.0	0	1	0	0
2494.0	0	1	0	1
2502.0	0	0	0	1
2505.0	0	1	0	0
2537.0	0	0	0	1
2539.0	0	1	0	0
2786.0	0	0	0	1
2788.0	0	1	0	0
3217.0	0	0	0	1
3221.0	0	1	0	0
3311.0	0	0	0	1
3313.0	0	1	0	0
3463.0	0	0	0	1
3469.0	0	1	0	0
3533.0	0	0	0	1
3538.0	0	1	0	0
3612.0	0	0	0	1
3616.0	0	1	0	0
4475.0	0	0	0	1
4612.0	0	1	0	0
4917.0	0	0	0	1
4925.0	0	1	0	0
5649.0	0	0	0	1
5660.0	0	1	0	0
5691.0	0	0	0	1
5695.0	0	1	0	0
5698.0	0	0	0	1
5702.0	0	1	0	0
5819.0	0	0	0	1
5830.0	0	1	0	0
5939.0	0	0	0	1
5949.0	0	1	0	0
5986.0	0	0	0	1
5988.0	0	0	0	1
5995.0	0	1	0	0
5999.0	0	1	0	0
6155.0	0	0	0	1
6413.0	0	1	0	0
8234.0	0	0	0	1
8244.0	0	1	0	0
22502.0	0	0	0	1
22633.0	0	1	0	0
23315.0	0	0	0	1
23436.0	0	0	0	1
23450.0	0	1	0	0
23587.0	0	1	0	0
24267.0	0	0	0	1
24400.0	0	1	0	0
24418.0	0	0	0	1
24421.0	0	0	0	1
24422.0	0	0	0	1
24563.0	0	1	0	0
24569.0	0	0	0	1
24575.0	0	1	0	0
24578.0	0	1	0	0
24735.0	0	1	0	0
25874.0	0	0	0	1
26045.0	0	1	0	0
26790.0	0	0	0	1
26969.0	0	1	0	0
29979.0	0	0	0	1
30173.0	0	1	0	0
31759.0	0	0	0	1
32018.0	0	1	0	0
39278.0	0	0	0	1
39696.0	0	1	0	0

