ptg000001l 24.50 25.28 25.89 26.36
ptg000002l 25.29 26.09 26.39 26.78
ptg000003l 24.43 25.11 25.96 26.62
ptg000004l 24.40 25.20 25.99 26.59
ptg000005l 24.58 25.69 26.14 27.21
ptg000006l 24.87 25.77 26.48 27.30
ptg000008l 24.58 25.60 26.04 27.00
ptg000009l 24.41 25.15 26.05 26.78
ptg000010l 24.91 25.64 26.58 27.39
ptg000011l 25.68 25.86 26.92 26.80
ptg000012l 24.59 25.46 26.16 27.02
ptg000013l 17.02 24.71 18.55 27.42
ptg000014l 27.51 25.61 27.53 28.69
ptg000016l 24.79 25.78 26.36 27.25
ptg000018l 25.17 25.92 26.40 26.91
ptg000019l 24.06 24.58 25.35 25.65
ptg000020l 24.52 25.34 26.17 26.86
ptg000022l 19.88 14.60 19.68 13.75
ptg000026l 23.84 24.17 25.10 24.96
ptg000041l 25.50 26.21 26.80 27.10
