#plotCoverage --outRawCounts
#'chr'	'start'	'end'	'S1.dedup.bam'	'S2.dedup.bam'	'S3.dedup.bam'	'S4.dedup.bam'
ptg000059l	1	2	0.0	0.0	0.0	0.0
ptg000059l	101	102	11.0	14.0	13.0	12.0
ptg000059l	201	202	9.0	12.0	10.0	11.0
ptg000059l	301	302	2.0	2.0	3.0	5.0
ptg000059l	401	402	16.0	34.0	26.0	44.0
ptg000059l	501	502	40.0	66.0	43.0	62.0
ptg000059l	601	602	56.0	63.0	47.0	64.0
ptg000059l	701	702	47.0	57.0	50.0	61.0
ptg000059l	801	802	57.0	53.0	62.0	52.0
ptg000059l	901	902	59.0	52.0	61.0	72.0
ptg000059l	1001	1002	57.0	46.0	43.0	68.0
ptg000059l	1101	1102	46.0	44.0	51.0	56.0
ptg000059l	1201	1202	20.0	23.0	26.0	28.0
ptg000059l	1301	1302	14.0	7.0	10.0	6.0
ptg000059l	1401	1402	13.0	5.0	11.0	8.0
ptg000059l	1501	1502	0.0	1.0	2.0	2.0
ptg000059l	1601	1602	10.0	22.0	12.0	16.0
ptg000059l	1701	1702	29.0	43.0	26.0	70.0
ptg000059l	1801	1802	27.0	29.0	24.0	55.0
ptg000059l	1901	1902	25.0	37.0	32.0	56.0
ptg000059l	2001	2002	51.0	67.0	55.0	89.0
ptg000059l	2101	2102	46.0	52.0	45.0	72.0
ptg000059l	2201	2202	28.0	32.0	31.0	49.0
ptg000059l	2301	2302	9.0	22.0	21.0	18.0
ptg000059l	2401	2402	18.0	34.0	30.0	34.0
ptg000059l	2501	2502	15.0	18.0	12.0	27.0
ptg000059l	2601	2602	0.0	0.0	0.0	0.0
ptg000059l	2701	2702	15.0	15.0	20.0	20.0
ptg000059l	2801	2802	19.0	23.0	30.0	33.0
ptg000059l	2901	2902	10.0	7.0	7.0	12.0
ptg000059l	3001	3002	2.0	1.0	5.0	1.0
ptg000059l	3101	3102	5.0	3.0	9.0	11.0
ptg000059l	3201	3202	1.0	0.0	2.0	0.0
ptg000059l	3301	3302	0.0	2.0	1.0	2.0
ptg000059l	3401	3402	15.0	16.0	20.0	25.0
ptg000059l	3501	3502	55.0	48.0	58.0	94.0
ptg000059l	3601	3602	67.0	54.0	79.0	112.0
ptg000059l	3701	3702	28.0	24.0	39.0	35.0
ptg000059l	3801	3802	14.0	11.0	26.0	19.0
ptg000059l	3901	3902	2.0	1.0	2.0	3.0
ptg000059l	4001	4002	0.0	0.0	5.0	7.0
ptg000059l	4101	4102	21.0	11.0	18.0	24.0
ptg000059l	4201	4202	15.0	9.0	22.0	34.0
ptg000059l	4301	4302	6.0	6.0	11.0	16.0
ptg000059l	4401	4402	4.0	5.0	4.0	2.0
ptg000059l	4501	4502	2.0	5.0	8.0	2.0
ptg000059l	4601	4602	1.0	2.0	2.0	1.0
ptg000059l	4701	4702	13.0	10.0	8.0	7.0
ptg000059l	4801	4802	25.0	23.0	34.0	35.0
ptg000059l	4901	4902	36.0	40.0	47.0	46.0
ptg000059l	5001	5002	36.0	62.0	50.0	51.0
ptg000059l	5101	5102	27.0	40.0	34.0	44.0
ptg000059l	5201	5202	6.0	3.0	2.0	4.0
ptg000059l	5301	5302	32.0	32.0	31.0	28.0
ptg000059l	5401	5402	36.0	35.0	33.0	33.0
ptg000059l	5501	5502	13.0	16.0	9.0	14.0
ptg000059l	5601	5602	29.0	42.0	39.0	35.0
ptg000059l	5701	5702	41.0	52.0	51.0	56.0
ptg000059l	5801	5802	38.0	57.0	60.0	68.0
ptg000059l	5901	5902	27.0	38.0	35.0	42.0
ptg000059l	6001	6002	39.0	36.0	41.0	52.0
ptg000059l	6101	6102	61.0	68.0	82.0	85.0
ptg000059l	6201	6202	59.0	79.0	83.0	105.0
ptg000059l	6301	6302	64.0	86.0	77.0	109.0
ptg000059l	6401	6402	64.0	69.0	71.0	118.0
ptg000059l	6501	6502	63.0	74.0	69.0	108.0
ptg000059l	6601	6602	52.0	69.0	58.0	93.0
ptg000059l	6701	6702	52.0	64.0	44.0	85.0
ptg000059l	6801	6802	36.0	41.0	32.0	52.0
ptg000059l	6901	6902	28.0	19.0	20.0	28.0
ptg000059l	7001	7002	28.0	11.0	29.0	33.0
ptg000059l	7101	7102	18.0	3.0	20.0	21.0
ptg000059l	7201	7202	5.0	3.0	5.0	8.0
ptg000059l	7301	7302	17.0	7.0	16.0	23.0
ptg000059l	7401	7402	14.0	8.0	12.0	13.0
ptg000059l	7501	7502	1.0	0.0	1.0	0.0
ptg000059l	7601	7602	7.0	5.0	8.0	14.0
ptg000059l	7701	7702	15.0	15.0	25.0	29.0
ptg000059l	7801	7802	21.0	32.0	36.0	33.0
ptg000059l	7901	7902	20.0	29.0	26.0	30.0
ptg000059l	8001	8002	10.0	13.0	11.0	12.0
ptg000059l	8101	8102	19.0	14.0	20.0	19.0
ptg000059l	8201	8202	60.0	64.0	64.0	72.0
ptg000059l	8301	8302	76.0	83.0	77.0	80.0
ptg000059l	8401	8402	59.0	59.0	70.0	69.0
ptg000059l	8501	8502	63.0	69.0	74.0	65.0
ptg000059l	8601	8602	58.0	58.0	63.0	77.0
ptg000059l	8701	8702	57.0	65.0	78.0	106.0
ptg000059l	8801	8802	69.0	74.0	72.0	116.0
ptg000059l	8901	8902	37.0	57.0	54.0	88.0
ptg000059l	9001	9002	25.0	30.0	43.0	49.0
ptg000059l	9101	9102	28.0	36.0	39.0	36.0
ptg000059l	9201	9202	21.0	36.0	44.0	43.0
ptg000059l	9301	9302	23.0	44.0	42.0	46.0
ptg000059l	9401	9402	50.0	90.0	71.0	91.0
ptg000059l	9501	9502	56.0	73.0	64.0	69.0
ptg000059l	9601	9602	27.0	36.0	31.0	37.0
ptg000059l	9701	9702	40.0	43.0	47.0	57.0
ptg000059l	9801	9802	48.0	61.0	57.0	89.0
ptg000059l	9901	9902	47.0	43.0	43.0	77.0
ptg000059l	10001	10002	61.0	67.0	60.0	87.0
ptg000059l	10101	10102	66.0	82.0	68.0	86.0
ptg000059l	10201	10202	57.0	65.0	57.0	63.0
ptg000059l	10301	10302	46.0	68.0	57.0	77.0
ptg000059l	10401	10402	37.0	38.0	44.0	58.0
ptg000059l	10501	10502	8.0	15.0	11.0	19.0
ptg000059l	10601	10602	12.0	10.0	12.0	18.0
ptg000059l	10701	10702	8.0	9.0	6.0	13.0
ptg000059l	10801	10802	10.0	20.0	8.0	20.0
ptg000059l	10901	10902	6.0	10.0	10.0	23.0
ptg000059l	11001	11002	6.0	8.0	10.0	24.0
ptg000059l	11101	11102	0.0	1.0	1.0	1.0
ptg000059l	11201	11202	35.0	37.0	43.0	58.0
ptg000059l	11301	11302	60.0	75.0	56.0	78.0
ptg000059l	11401	11402	8.0	5.0	7.0	9.0
ptg000059l	11501	11502	62.0	50.0	47.0	80.0
ptg000059l	11601	11602	73.0	82.0	75.0	106.0
ptg000059l	11701	11702	17.0	19.0	14.0	23.0
ptg000059l	11801	11802	73.0	81.0	87.0	109.0
ptg000059l	11901	11902	6.0	5.0	4.0	6.0
ptg000059l	12001	12002	17.0	16.0	15.0	24.0
ptg000059l	12101	12102	62.0	53.0	79.0	78.0
ptg000059l	12201	12202	79.0	81.0	85.0	89.0
ptg000059l	12301	12302	78.0	76.0	62.0	85.0
ptg000059l	12401	12402	71.0	73.0	47.0	90.0
ptg000059l	12501	12502	60.0	68.0	58.0	100.0
ptg000059l	12601	12602	67.0	71.0	78.0	107.0
ptg000059l	12701	12702	68.0	62.0	74.0	97.0
ptg000059l	12801	12802	54.0	79.0	79.0	98.0
ptg000059l	12901	12902	64.0	72.0	76.0	90.0
ptg000059l	13001	13002	53.0	71.0	70.0	101.0
ptg000059l	13101	13102	45.0	64.0	58.0	85.0
ptg000059l	13201	13202	53.0	45.0	53.0	63.0
ptg000059l	13301	13302	21.0	12.0	18.0	28.0
ptg000059l	13401	13402	4.0	6.0	5.0	6.0
ptg000059l	13501	13502	16.0	27.0	18.0	27.0
ptg000059l	13601	13602	32.0	37.0	41.0	57.0
ptg000059l	13701	13702	47.0	41.0	47.0	65.0
ptg000059l	13801	13802	61.0	65.0	62.0	68.0
ptg000059l	13901	13902	31.0	31.0	28.0	46.0
ptg000059l	14001	14002	27.0	35.0	28.0	53.0
ptg000059l	14101	14102	63.0	78.0	64.0	94.0
ptg000059l	14201	14202	70.0	76.0	71.0	74.0
ptg000059l	14301	14302	59.0	70.0	78.0	91.0
ptg000059l	14401	14402	44.0	80.0	92.0	100.0
ptg000059l	14501	14502	58.0	95.0	94.0	103.0
ptg000059l	14601	14602	56.0	78.0	101.0	108.0
ptg000059l	14701	14702	70.0	76.0	89.0	97.0
ptg000059l	14801	14802	72.0	103.0	88.0	101.0
ptg000059l	14901	14902	69.0	93.0	73.0	119.0
ptg000059l	15001	15002	63.0	82.0	77.0	92.0
ptg000059l	15101	15102	74.0	95.0	76.0	87.0
ptg000059l	15201	15202	81.0	86.0	72.0	104.0
ptg000059l	15301	15302	77.0	71.0	63.0	112.0
ptg000059l	15401	15402	92.0	76.0	67.0	115.0
ptg000059l	15501	15502	87.0	81.0	80.0	109.0
ptg000059l	15601	15602	70.0	77.0	78.0	100.0
ptg000059l	15701	15702	47.0	61.0	52.0	87.0
ptg000059l	15801	15802	59.0	77.0	60.0	107.0
ptg000059l	15901	15902	56.0	69.0	78.0	92.0
ptg000059l	16001	16002	49.0	60.0	82.0	71.0
ptg000059l	16101	16102	57.0	57.0	68.0	98.0
ptg000059l	16201	16202	51.0	64.0	52.0	81.0
ptg000059l	16301	16302	41.0	46.0	40.0	56.0
ptg000059l	16401	16402	30.0	44.0	32.0	60.0
ptg000059l	16501	16502	17.0	35.0	34.0	57.0
ptg000059l	16601	16602	2.0	2.0	2.0	1.0
ptg000059l	16701	16702	5.0	11.0	7.0	17.0
ptg000059l	16801	16802	0.0	1.0	0.0	0.0
ptg000059l	16901	16902	1.0	3.0	3.0	2.0
ptg000059l	17001	17002	4.0	6.0	7.0	18.0
ptg000059l	17101	17102	0.0	2.0	0.0	13.0
