#plotCoverage --outRawCounts
#'chr'	'start'	'end'	'S1.dedup.bam'	'S2.dedup.bam'	'S3.dedup.bam'	'S4.dedup.bam'
ptg000091l	1	2	0.0	0.0	0.0	0.0
ptg000091l	101	102	13.0	8.0	15.0	8.0
ptg000091l	201	202	16.0	8.0	14.0	11.0
ptg000091l	301	302	2.0	0.0	2.0	0.0
ptg000091l	401	402	18.0	9.0	22.0	12.0
ptg000091l	501	502	14.0	6.0	9.0	5.0
ptg000091l	601	602	9.0	7.0	8.0	3.0
ptg000091l	701	702	9.0	5.0	6.0	0.0
ptg000091l	801	802	2.0	0.0	0.0	0.0
ptg000091l	901	902	4.0	5.0	2.0	3.0
ptg000091l	1001	1002	4.0	3.0	1.0	0.0
ptg000091l	1101	1102	1.0	0.0	2.0	3.0
ptg000091l	1201	1202	7.0	10.0	4.0	9.0
ptg000091l	1301	1302	4.0	8.0	2.0	7.0
ptg000091l	1401	1402	122.0	166.0	87.0	136.0
ptg000091l	1501	1502	199.0	279.0	161.0	203.0
ptg000091l	1601	1602	5.0	5.0	2.0	3.0
ptg000091l	1701	1702	44.0	56.0	34.0	37.0
ptg000091l	1801	1802	33.0	50.0	29.0	27.0
ptg000091l	1901	1902	27.0	36.0	26.0	25.0
ptg000091l	2001	2002	34.0	42.0	26.0	30.0
ptg000091l	2101	2102	5.0	3.0	2.0	3.0
ptg000091l	2201	2202	2.0	1.0	1.0	1.0
ptg000091l	2301	2302	5.0	5.0	2.0	6.0
ptg000091l	2401	2402	66.0	101.0	63.0	79.0
ptg000091l	2501	2502	95.0	136.0	84.0	117.0
ptg000091l	2601	2602	13.0	25.0	9.0	16.0
ptg000091l	2701	2702	57.0	82.0	49.0	82.0
ptg000091l	2801	2802	345.0	484.0	306.0	452.0
ptg000091l	2901	2902	163.0	215.0	152.0	187.0
ptg000091l	3001	3002	17.0	19.0	14.0	14.0
ptg000091l	3101	3102	4.0	5.0	4.0	4.0
ptg000091l	3201	3202	4.0	12.0	8.0	8.0
ptg000091l	3301	3302	6.0	11.0	6.0	5.0
ptg000091l	3401	3402	3.0	0.0	3.0	1.0
ptg000091l	3501	3502	7.0	9.0	6.0	2.0
ptg000091l	3601	3602	6.0	3.0	1.0	1.0
ptg000091l	3701	3702	2.0	1.0	1.0	1.0
ptg000091l	3801	3802	13.0	11.0	15.0	15.0
ptg000091l	3901	3902	7.0	12.0	14.0	11.0
ptg000091l	4001	4002	4.0	4.0	3.0	4.0
ptg000091l	4101	4102	1.0	3.0	1.0	0.0
ptg000091l	4201	4202	31.0	17.0	31.0	11.0
ptg000091l	4301	4302	62.0	48.0	72.0	39.0
ptg000091l	4401	4402	2.0	6.0	6.0	5.0
ptg000091l	4501	4502	1.0	1.0	3.0	1.0
ptg000091l	4601	4602	4.0	2.0	4.0	3.0
ptg000091l	4701	4702	2.0	2.0	6.0	2.0
ptg000091l	4801	4802	4.0	4.0	3.0	0.0
ptg000091l	4901	4902	25.0	18.0	18.0	27.0
ptg000091l	5001	5002	40.0	13.0	26.0	28.0
ptg000091l	5101	5102	1.0	2.0	2.0	1.0
ptg000091l	5201	5202	2.0	1.0	2.0	5.0
ptg000091l	5301	5302	0.0	2.0	0.0	1.0
ptg000091l	5401	5402	16.0	8.0	9.0	9.0
ptg000091l	5501	5502	18.0	10.0	10.0	6.0
ptg000091l	5601	5602	27.0	20.0	18.0	10.0
ptg000091l	5701	5702	18.0	19.0	16.0	9.0
ptg000091l	5801	5802	6.0	1.0	1.0	2.0
ptg000091l	5901	5902	20.0	18.0	16.0	7.0
ptg000091l	6001	6002	1.0	7.0	4.0	0.0
ptg000091l	6101	6102	3.0	5.0	4.0	1.0
ptg000091l	6201	6202	2.0	1.0	3.0	1.0
ptg000091l	6301	6302	0.0	1.0	1.0	1.0
ptg000091l	6401	6402	2.0	2.0	2.0	1.0
ptg000091l	6501	6502	0.0	2.0	1.0	0.0
ptg000091l	6601	6602	1.0	0.0	2.0	0.0
ptg000091l	6701	6702	1.0	3.0	3.0	1.0
ptg000091l	6801	6802	0.0	2.0	1.0	3.0
ptg000091l	6901	6902	2.0	2.0	2.0	3.0
ptg000091l	7001	7002	5.0	1.0	3.0	5.0
ptg000091l	7101	7102	8.0	13.0	6.0	11.0
ptg000091l	7201	7202	13.0	19.0	19.0	18.0
ptg000091l	7301	7302	0.0	0.0	0.0	0.0
ptg000091l	7401	7402	3.0	0.0	0.0	3.0
ptg000091l	7501	7502	9.0	22.0	17.0	12.0
ptg000091l	7601	7602	14.0	21.0	15.0	6.0
ptg000091l	7701	7702	1.0	1.0	2.0	0.0
ptg000091l	7801	7802	4.0	1.0	3.0	0.0
ptg000091l	7901	7902	5.0	5.0	4.0	3.0
ptg000091l	8001	8002	3.0	2.0	0.0	2.0
ptg000091l	8101	8102	3.0	7.0	1.0	9.0
ptg000091l	8201	8202	23.0	31.0	21.0	27.0
ptg000091l	8301	8302	78.0	72.0	68.0	70.0
ptg000091l	8401	8402	42.0	67.0	50.0	74.0
ptg000091l	8501	8502	89.0	110.0	91.0	112.0
ptg000091l	8601	8602	138.0	138.0	115.0	176.0
ptg000091l	8701	8702	150.0	154.0	157.0	220.0
ptg000091l	8801	8802	150.0	179.0	158.0	214.0
ptg000091l	8901	8902	139.0	159.0	148.0	161.0
ptg000091l	9001	9002	137.0	159.0	112.0	160.0
ptg000091l	9101	9102	146.0	165.0	129.0	106.0
ptg000091l	9201	9202	103.0	119.0	109.0	90.0
ptg000091l	9301	9302	137.0	144.0	128.0	128.0
ptg000091l	9401	9402	136.0	146.0	151.0	131.0
ptg000091l	9501	9502	136.0	154.0	132.0	110.0
ptg000091l	9601	9602	152.0	164.0	119.0	119.0
ptg000091l	9701	9702	178.0	199.0	138.0	173.0
ptg000091l	9801	9802	208.0	231.0	216.0	180.0
ptg000091l	9901	9902	199.0	235.0	237.0	182.0
ptg000091l	10001	10002	206.0	230.0	235.0	176.0
ptg000091l	10101	10102	202.0	198.0	228.0	169.0
ptg000091l	10201	10202	177.0	188.0	180.0	125.0
ptg000091l	10301	10302	190.0	161.0	171.0	135.0
ptg000091l	10401	10402	211.0	186.0	170.0	133.0
ptg000091l	10501	10502	180.0	153.0	144.0	129.0
ptg000091l	10601	10602	145.0	108.0	139.0	115.0
ptg000091l	10701	10702	123.0	103.0	120.0	95.0
ptg000091l	10801	10802	121.0	90.0	97.0	77.0
ptg000091l	10901	10902	17.0	9.0	15.0	10.0
ptg000091l	11001	11002	60.0	46.0	46.0	40.0
ptg000091l	11101	11102	75.0	66.0	63.0	51.0
ptg000091l	11201	11202	20.0	26.0	18.0	21.0
