#plotCoverage --outRawCounts
#'chr'	'start'	'end'	'S1.dedup.bam'	'S2.dedup.bam'	'S3.dedup.bam'	'S4.dedup.bam'
ptg000042l	1	2	2.0	2.0	1.0	0.0
ptg000042l	101	102	34.0	42.0	30.0	41.0
ptg000042l	201	202	107.0	104.0	76.0	126.0
ptg000042l	301	302	147.0	163.0	134.0	181.0
ptg000042l	401	402	150.0	155.0	128.0	164.0
ptg000042l	501	502	159.0	142.0	143.0	180.0
ptg000042l	601	602	171.0	173.0	148.0	180.0
ptg000042l	701	702	160.0	188.0	140.0	158.0
ptg000042l	801	802	125.0	155.0	116.0	152.0
ptg000042l	901	902	39.0	60.0	52.0	53.0
ptg000042l	1001	1002	15.0	20.0	16.0	13.0
ptg000042l	1101	1102	4.0	3.0	9.0	2.0
ptg000042l	1201	1202	132.0	108.0	107.0	142.0
ptg000042l	1301	1302	113.0	119.0	89.0	116.0
ptg000042l	1401	1402	90.0	87.0	67.0	91.0
ptg000042l	1501	1502	33.0	37.0	35.0	48.0
ptg000042l	1601	1602	38.0	53.0	43.0	66.0
ptg000042l	1701	1702	68.0	60.0	60.0	73.0
ptg000042l	1801	1802	75.0	90.0	66.0	88.0
ptg000042l	1901	1902	53.0	74.0	51.0	88.0
ptg000042l	2001	2002	53.0	65.0	52.0	58.0
ptg000042l	2101	2102	43.0	59.0	30.0	42.0
ptg000042l	2201	2202	27.0	28.0	21.0	36.0
ptg000042l	2301	2302	49.0	64.0	34.0	49.0
ptg000042l	2401	2402	61.0	91.0	51.0	65.0
ptg000042l	2501	2502	58.0	80.0	62.0	69.0
ptg000042l	2601	2602	39.0	64.0	52.0	59.0
ptg000042l	2701	2702	24.0	47.0	39.0	40.0
ptg000042l	2801	2802	36.0	57.0	31.0	39.0
ptg000042l	2901	2902	31.0	52.0	36.0	32.0
ptg000042l	3001	3002	14.0	13.0	9.0	10.0
ptg000042l	3101	3102	35.0	33.0	24.0	18.0
ptg000042l	3201	3202	71.0	73.0	44.0	47.0
ptg000042l	3301	3302	81.0	84.0	60.0	60.0
ptg000042l	3401	3402	72.0	77.0	77.0	66.0
ptg000042l	3501	3502	64.0	84.0	72.0	57.0
ptg000042l	3601	3602	36.0	45.0	49.0	31.0
ptg000042l	3701	3702	46.0	87.0	85.0	58.0
ptg000042l	3801	3802	65.0	87.0	69.0	69.0
ptg000042l	3901	3902	77.0	82.0	59.0	65.0
ptg000042l	4001	4002	78.0	86.0	48.0	67.0
ptg000042l	4101	4102	59.0	59.0	55.0	67.0
ptg000042l	4201	4202	52.0	59.0	62.0	57.0
ptg000042l	4301	4302	43.0	50.0	34.0	30.0
ptg000042l	4401	4402	6.0	3.0	6.0	4.0
ptg000042l	4501	4502	31.0	30.0	42.0	34.0
ptg000042l	4601	4602	35.0	37.0	26.0	41.0
ptg000042l	4701	4702	38.0	43.0	41.0	46.0
ptg000042l	4801	4802	52.0	53.0	56.0	48.0
ptg000042l	4901	4902	50.0	47.0	53.0	46.0
ptg000042l	5001	5002	27.0	40.0	32.0	40.0
ptg000042l	5101	5102	8.0	10.0	16.0	14.0
ptg000042l	5201	5202	19.0	39.0	25.0	27.0
ptg000042l	5301	5302	33.0	42.0	30.0	27.0
ptg000042l	5401	5402	16.0	21.0	14.0	11.0
ptg000042l	5501	5502	10.0	9.0	6.0	10.0
ptg000042l	5601	5602	42.0	35.0	40.0	31.0
ptg000042l	5701	5702	52.0	54.0	50.0	33.0
ptg000042l	5801	5802	49.0	53.0	51.0	37.0
ptg000042l	5901	5902	52.0	53.0	61.0	40.0
ptg000042l	6001	6002	32.0	43.0	54.0	27.0
ptg000042l	6101	6102	11.0	10.0	12.0	10.0
ptg000042l	6201	6202	48.0	42.0	44.0	40.0
ptg000042l	6301	6302	62.0	60.0	68.0	48.0
ptg000042l	6401	6402	104.0	74.0	83.0	78.0
ptg000042l	6501	6502	143.0	141.0	140.0	134.0
ptg000042l	6601	6602	188.0	164.0	165.0	184.0
ptg000042l	6701	6702	121.0	92.0	110.0	120.0
ptg000042l	6801	6802	149.0	157.0	138.0	147.0
ptg000042l	6901	6902	178.0	161.0	141.0	160.0
ptg000042l	7001	7002	122.0	127.0	141.0	156.0
ptg000042l	7101	7102	94.0	116.0	98.0	138.0
ptg000042l	7201	7202	65.0	55.0	47.0	72.0
ptg000042l	7301	7302	8.0	17.0	11.0	5.0
ptg000042l	7401	7402	23.0	21.0	29.0	15.0
ptg000042l	7501	7502	69.0	87.0	92.0	93.0
ptg000042l	7601	7602	87.0	100.0	85.0	91.0
ptg000042l	7701	7702	78.0	75.0	82.0	88.0
ptg000042l	7801	7802	116.0	118.0	134.0	158.0
ptg000042l	7901	7902	164.0	163.0	169.0	215.0
ptg000042l	8001	8002	199.0	227.0	184.0	232.0
ptg000042l	8101	8102	177.0	210.0	180.0	190.0
ptg000042l	8201	8202	120.0	151.0	131.0	138.0
ptg000042l	8301	8302	155.0	170.0	168.0	186.0
ptg000042l	8401	8402	174.0	213.0	177.0	228.0
ptg000042l	8501	8502	163.0	221.0	168.0	217.0
ptg000042l	8601	8602	148.0	163.0	132.0	165.0
ptg000042l	8701	8702	221.0	253.0	176.0	245.0
ptg000042l	8801	8802	133.0	169.0	120.0	155.0
ptg000042l	8901	8902	0.0	0.0	0.0	0.0
ptg000042l	9001	9002	128.0	135.0	115.0	137.0
ptg000042l	9101	9102	274.0	256.0	267.0	286.0
ptg000042l	9201	9202	196.0	216.0	193.0	216.0
ptg000042l	9301	9302	159.0	203.0	167.0	229.0
ptg000042l	9401	9402	200.0	240.0	215.0	240.0
ptg000042l	9501	9502	219.0	275.0	229.0	238.0
ptg000042l	9601	9602	207.0	260.0	221.0	261.0
ptg000042l	9701	9702	198.0	192.0	211.0	230.0
ptg000042l	9801	9802	158.0	184.0	151.0	177.0
ptg000042l	9901	9902	166.0	143.0	152.0	145.0
ptg000042l	10001	10002	158.0	143.0	159.0	160.0
ptg000042l	10101	10102	94.0	85.0	110.0	101.0
ptg000042l	10201	10202	4.0	8.0	5.0	6.0
ptg000042l	10301	10302	98.0	33.0	94.0	15.0
ptg000042l	10401	10402	136.0	61.0	133.0	44.0
ptg000042l	10501	10502	8.0	7.0	7.0	9.0
ptg000042l	10601	10602	17.0	8.0	15.0	6.0
ptg000042l	10701	10702	25.0	17.0	19.0	9.0
ptg000042l	10801	10802	13.0	7.0	10.0	10.0
ptg000042l	10901	10902	1.0	2.0	5.0	2.0
ptg000042l	11001	11002	7.0	6.0	11.0	5.0
ptg000042l	11101	11102	11.0	8.0	6.0	3.0
ptg000042l	11201	11202	22.0	17.0	18.0	12.0
ptg000042l	11301	11302	41.0	38.0	45.0	20.0
ptg000042l	11401	11402	29.0	24.0	34.0	16.0
ptg000042l	11501	11502	8.0	5.0	7.0	3.0
ptg000042l	11601	11602	68.0	51.0	57.0	51.0
ptg000042l	11701	11702	74.0	56.0	79.0	64.0
ptg000042l	11801	11802	51.0	45.0	54.0	54.0
ptg000042l	11901	11902	46.0	36.0	62.0	29.0
ptg000042l	12001	12002	58.0	40.0	76.0	32.0
ptg000042l	12101	12102	78.0	55.0	82.0	53.0
ptg000042l	12201	12202	69.0	51.0	82.0	42.0
ptg000042l	12301	12302	74.0	58.0	82.0	34.0
ptg000042l	12401	12402	68.0	50.0	76.0	30.0
ptg000042l	12501	12502	25.0	29.0	19.0	12.0
ptg000042l	12601	12602	52.0	48.0	30.0	36.0
ptg000042l	12701	12702	48.0	44.0	52.0	30.0
ptg000042l	12801	12802	95.0	65.0	131.0	42.0
ptg000042l	12901	12902	146.0	84.0	146.0	52.0
ptg000042l	13001	13002	92.0	45.0	76.0	22.0
ptg000042l	13101	13102	59.0	18.0	54.0	26.0
ptg000042l	13201	13202	45.0	15.0	41.0	22.0
ptg000042l	13301	13302	64.0	34.0	62.0	28.0
ptg000042l	13401	13402	80.0	41.0	94.0	42.0
ptg000042l	13501	13502	84.0	48.0	73.0	49.0
ptg000042l	13601	13602	97.0	59.0	91.0	46.0
ptg000042l	13701	13702	108.0	67.0	116.0	45.0
ptg000042l	13801	13802	93.0	48.0	98.0	46.0
ptg000042l	13901	13902	82.0	36.0	71.0	45.0
ptg000042l	14001	14002	60.0	27.0	59.0	30.0
ptg000042l	14101	14102	24.0	22.0	25.0	28.0
ptg000042l	14201	14202	66.0	27.0	67.0	43.0
ptg000042l	14301	14302	48.0	20.0	64.0	29.0
ptg000042l	14401	14402	28.0	21.0	47.0	32.0
ptg000042l	14501	14502	51.0	18.0	51.0	34.0
ptg000042l	14601	14602	33.0	21.0	30.0	20.0
ptg000042l	14701	14702	28.0	24.0	21.0	10.0
ptg000042l	14801	14802	14.0	12.0	10.0	14.0
ptg000042l	14901	14902	15.0	14.0	19.0	6.0
ptg000042l	15001	15002	20.0	18.0	19.0	13.0
ptg000042l	15101	15102	27.0	24.0	19.0	13.0
ptg000042l	15201	15202	40.0	30.0	36.0	20.0
ptg000042l	15301	15302	41.0	30.0	42.0	21.0
ptg000042l	15401	15402	25.0	22.0	24.0	19.0
ptg000042l	15501	15502	32.0	27.0	25.0	18.0
ptg000042l	15601	15602	52.0	24.0	37.0	23.0
ptg000042l	15701	15702	50.0	32.0	55.0	24.0
ptg000042l	15801	15802	32.0	44.0	41.0	36.0
ptg000042l	15901	15902	30.0	35.0	36.0	45.0
ptg000042l	16001	16002	101.0	101.0	105.0	111.0
ptg000042l	16101	16102	146.0	131.0	149.0	158.0
ptg000042l	16201	16202	141.0	143.0	131.0	147.0
ptg000042l	16301	16302	132.0	151.0	151.0	181.0
ptg000042l	16401	16402	100.0	121.0	96.0	98.0
ptg000042l	16501	16502	38.0	36.0	59.0	50.0
ptg000042l	16601	16602	121.0	148.0	154.0	165.0
ptg000042l	16701	16702	124.0	155.0	125.0	156.0
ptg000042l	16801	16802	124.0	150.0	132.0	166.0
ptg000042l	16901	16902	104.0	133.0	126.0	137.0
ptg000042l	17001	17002	138.0	152.0	128.0	138.0
ptg000042l	17101	17102	145.0	159.0	121.0	161.0
ptg000042l	17201	17202	64.0	72.0	60.0	64.0
ptg000042l	17301	17302	48.0	36.0	43.0	51.0
ptg000042l	17401	17402	104.0	112.0	91.0	98.0
ptg000042l	17501	17502	88.0	97.0	69.0	92.0
ptg000042l	17601	17602	124.0	127.0	93.0	121.0
ptg000042l	17701	17702	192.0	227.0	163.0	204.0
ptg000042l	17801	17802	99.0	123.0	95.0	103.0
ptg000042l	17901	17902	127.0	103.0	92.0	121.0
ptg000042l	18001	18002	150.0	185.0	152.0	140.0
ptg000042l	18101	18102	140.0	173.0	166.0	175.0
ptg000042l	18201	18202	138.0	164.0	158.0	191.0
ptg000042l	18301	18302	136.0	170.0	167.0	182.0
ptg000042l	18401	18402	169.0	161.0	170.0	185.0
ptg000042l	18501	18502	110.0	96.0	79.0	105.0
ptg000042l	18601	18602	61.0	76.0	55.0	74.0
ptg000042l	18701	18702	152.0	169.0	146.0	167.0
ptg000042l	18801	18802	183.0	207.0	191.0	204.0
ptg000042l	18901	18902	141.0	183.0	151.0	162.0
ptg000042l	19001	19002	176.0	176.0	156.0	178.0
ptg000042l	19101	19102	163.0	179.0	150.0	189.0
ptg000042l	19201	19202	145.0	174.0	146.0	194.0
ptg000042l	19301	19302	105.0	115.0	95.0	125.0
ptg000042l	19401	19402	17.0	22.0	24.0	28.0
ptg000042l	19501	19502	3.0	8.0	12.0	11.0
ptg000042l	19601	19602	9.0	4.0	13.0	4.0
ptg000042l	19701	19702	177.0	215.0	175.0	249.0
ptg000042l	19801	19802	242.0	272.0	233.0	319.0
ptg000042l	19901	19902	140.0	161.0	132.0	180.0
ptg000042l	20001	20002	144.0	191.0	134.0	173.0
ptg000042l	20101	20102	206.0	242.0	177.0	213.0
ptg000042l	20201	20202	187.0	210.0	176.0	210.0
ptg000042l	20301	20302	217.0	246.0	194.0	229.0
ptg000042l	20401	20402	217.0	255.0	183.0	247.0
ptg000042l	20501	20502	75.0	98.0	68.0	86.0
ptg000042l	20601	20602	3.0	1.0	1.0	3.0
ptg000042l	20701	20702	259.0	303.0	285.0	259.0
ptg000042l	20801	20802	96.0	96.0	80.0	99.0
ptg000042l	20901	20902	88.0	85.0	79.0	83.0
ptg000042l	21001	21002	173.0	186.0	165.0	201.0
ptg000042l	21101	21102	160.0	171.0	155.0	205.0
ptg000042l	21201	21202	224.0	223.0	208.0	266.0
ptg000042l	21301	21302	235.0	228.0	187.0	256.0
ptg000042l	21401	21402	164.0	193.0	180.0	182.0
ptg000042l	21501	21502	116.0	131.0	151.0	141.0
ptg000042l	21601	21602	147.0	171.0	157.0	155.0
ptg000042l	21701	21702	187.0	225.0	179.0	198.0
ptg000042l	21801	21802	143.0	176.0	140.0	139.0
ptg000042l	21901	21902	152.0	186.0	160.0	122.0
ptg000042l	22001	22002	180.0	206.0	190.0	192.0
ptg000042l	22101	22102	73.0	93.0	91.0	70.0
ptg000042l	22201	22202	49.0	42.0	43.0	47.0
ptg000042l	22301	22302	104.0	80.0	105.0	112.0
ptg000042l	22401	22402	109.0	96.0	88.0	114.0
ptg000042l	22501	22502	74.0	58.0	39.0	58.0
ptg000042l	22601	22602	82.0	30.0	43.0	13.0
ptg000042l	22701	22702	45.0	20.0	25.0	10.0
ptg000042l	22801	22802	45.0	29.0	31.0	24.0
ptg000042l	22901	22902	27.0	15.0	19.0	11.0
ptg000042l	23001	23002	8.0	0.0	8.0	3.0
ptg000042l	23101	23102	14.0	17.0	10.0	6.0
ptg000042l	23201	23202	36.0	17.0	31.0	15.0
ptg000042l	23301	23302	44.0	22.0	38.0	22.0
ptg000042l	23401	23402	77.0	56.0	83.0	47.0
ptg000042l	23501	23502	112.0	68.0	93.0	71.0
ptg000042l	23601	23602	93.0	53.0	83.0	47.0
ptg000042l	23701	23702	125.0	50.0	96.0	48.0
ptg000042l	23801	23802	75.0	21.0	57.0	21.0
ptg000042l	23901	23902	109.0	38.0	79.0	25.0
ptg000042l	24001	24002	128.0	49.0	115.0	28.0
ptg000042l	24101	24102	98.0	37.0	79.0	15.0
ptg000042l	24201	24202	77.0	40.0	71.0	20.0
ptg000042l	24301	24302	76.0	24.0	51.0	21.0
ptg000042l	24401	24402	51.0	18.0	63.0	10.0
ptg000042l	24501	24502	31.0	15.0	38.0	4.0
ptg000042l	24601	24602	3.0	2.0	5.0	0.0
ptg000042l	24701	24702	15.0	10.0	28.0	3.0
ptg000042l	24801	24802	37.0	22.0	44.0	7.0
ptg000042l	24901	24902	38.0	13.0	22.0	9.0
ptg000042l	25001	25002	24.0	5.0	21.0	9.0
ptg000042l	25101	25102	55.0	34.0	54.0	29.0
ptg000042l	25201	25202	127.0	57.0	120.0	40.0
ptg000042l	25301	25302	121.0	56.0	126.0	41.0
ptg000042l	25401	25402	165.0	72.0	159.0	78.0
ptg000042l	25501	25502	170.0	92.0	156.0	92.0
ptg000042l	25601	25602	181.0	77.0	162.0	70.0
ptg000042l	25701	25702	116.0	38.0	99.0	32.0
ptg000042l	25801	25802	75.0	10.0	84.0	15.0
ptg000042l	25901	25902	109.0	25.0	67.0	15.0
ptg000042l	26001	26002	124.0	57.0	113.0	36.0
ptg000042l	26101	26102	155.0	70.0	129.0	44.0
ptg000042l	26201	26202	108.0	75.0	89.0	45.0
ptg000042l	26301	26302	162.0	79.0	114.0	39.0
ptg000042l	26401	26402	141.0	88.0	127.0	52.0
ptg000042l	26501	26502	115.0	72.0	115.0	40.0
ptg000042l	26601	26602	102.0	60.0	104.0	34.0
ptg000042l	26701	26702	144.0	81.0	145.0	61.0
ptg000042l	26801	26802	142.0	78.0	133.0	64.0
ptg000042l	26901	26902	132.0	59.0	118.0	52.0
ptg000042l	27001	27002	133.0	67.0	137.0	53.0
ptg000042l	27101	27102	132.0	72.0	145.0	55.0
ptg000042l	27201	27202	211.0	117.0	206.0	47.0
ptg000042l	27301	27302	183.0	126.0	184.0	70.0
ptg000042l	27401	27402	147.0	87.0	143.0	76.0
ptg000042l	27501	27502	150.0	73.0	101.0	43.0
ptg000042l	27601	27602	131.0	75.0	134.0	55.0
ptg000042l	27701	27702	147.0	84.0	136.0	66.0
ptg000042l	27801	27802	149.0	100.0	138.0	48.0
ptg000042l	27901	27902	150.0	75.0	127.0	56.0
ptg000042l	28001	28002	128.0	65.0	92.0	54.0
ptg000042l	28101	28102	130.0	113.0	101.0	84.0
ptg000042l	28201	28202	173.0	148.0	147.0	151.0
ptg000042l	28301	28302	202.0	178.0	168.0	188.0
ptg000042l	28401	28402	194.0	182.0	170.0	215.0
ptg000042l	28501	28502	200.0	186.0	159.0	217.0
ptg000042l	28601	28602	162.0	154.0	129.0	158.0
ptg000042l	28701	28702	150.0	153.0	143.0	148.0
ptg000042l	28801	28802	133.0	128.0	117.0	124.0
ptg000042l	28901	28902	50.0	48.0	55.0	65.0
ptg000042l	29001	29002	32.0	41.0	41.0	44.0
ptg000042l	29101	29102	118.0	143.0	119.0	177.0
ptg000042l	29201	29202	212.0	188.0	200.0	202.0
ptg000042l	29301	29302	191.0	207.0	190.0	194.0
ptg000042l	29401	29402	181.0	202.0	168.0	181.0
ptg000042l	29501	29502	167.0	190.0	176.0	174.0
ptg000042l	29601	29602	185.0	197.0	191.0	216.0
ptg000042l	29701	29702	103.0	96.0	87.0	88.0
ptg000042l	29801	29802	89.0	93.0	113.0	103.0
ptg000042l	29901	29902	160.0	205.0	171.0	185.0
ptg000042l	30001	30002	129.0	171.0	121.0	125.0
ptg000042l	30101	30102	142.0	186.0	127.0	173.0
ptg000042l	30201	30202	129.0	169.0	143.0	180.0
ptg000042l	30301	30302	138.0	158.0	134.0	162.0
ptg000042l	30401	30402	130.0	136.0	126.0	141.0
ptg000042l	30501	30502	45.0	53.0	56.0	71.0
ptg000042l	30601	30602	65.0	86.0	85.0	65.0
ptg000042l	30701	30702	112.0	130.0	107.0	89.0
ptg000042l	30801	30802	78.0	97.0	69.0	81.0
ptg000042l	30901	30902	144.0	147.0	124.0	138.0
ptg000042l	31001	31002	149.0	177.0	165.0	171.0
ptg000042l	31101	31102	75.0	85.0	92.0	89.0
ptg000042l	31201	31202	105.0	100.0	107.0	125.0
ptg000042l	31301	31302	154.0	161.0	151.0	196.0
ptg000042l	31401	31402	159.0	161.0	148.0	191.0
ptg000042l	31501	31502	166.0	145.0	173.0	213.0
ptg000042l	31601	31602	159.0	145.0	156.0	191.0
ptg000042l	31701	31702	136.0	151.0	130.0	152.0
ptg000042l	31801	31802	48.0	73.0	69.0	58.0
ptg000042l	31901	31902	89.0	112.0	73.0	113.0
ptg000042l	32001	32002	165.0	233.0	170.0	228.0
ptg000042l	32101	32102	155.0	204.0	187.0	188.0
ptg000042l	32201	32202	141.0	155.0	133.0	182.0
ptg000042l	32301	32302	173.0	170.0	166.0	213.0
ptg000042l	32401	32402	161.0	166.0	138.0	187.0
ptg000042l	32501	32502	142.0	171.0	122.0	160.0
ptg000042l	32601	32602	80.0	101.0	82.0	71.0
ptg000042l	32701	32702	19.0	33.0	24.0	12.0
ptg000042l	32801	32802	2.0	9.0	8.0	12.0
ptg000042l	32901	32902	138.0	140.0	129.0	157.0
ptg000042l	33001	33002	185.0	230.0	180.0	223.0
ptg000042l	33101	33102	202.0	245.0	202.0	239.0
ptg000042l	33201	33202	83.0	121.0	92.0	108.0
ptg000042l	33301	33302	145.0	174.0	148.0	168.0
ptg000042l	33401	33402	149.0	174.0	154.0	178.0
ptg000042l	33501	33502	143.0	145.0	144.0	168.0
ptg000042l	33601	33602	155.0	140.0	147.0	147.0
ptg000042l	33701	33702	101.0	110.0	106.0	110.0
ptg000042l	33801	33802	116.0	36.0	122.0	23.0
ptg000042l	33901	33902	90.0	29.0	94.0	24.0
ptg000042l	34001	34002	70.0	49.0	82.0	52.0
ptg000042l	34101	34102	84.0	79.0	107.0	82.0
ptg000042l	34201	34202	12.0	18.0	14.0	28.0
ptg000042l	34301	34302	80.0	81.0	56.0	94.0
ptg000042l	34401	34402	56.0	60.0	53.0	112.0
ptg000042l	34501	34502	19.0	24.0	20.0	37.0
ptg000042l	34601	34602	39.0	43.0	52.0	55.0
ptg000042l	34701	34702	58.0	63.0	68.0	62.0
ptg000042l	34801	34802	53.0	41.0	46.0	53.0
ptg000042l	34901	34902	69.0	57.0	53.0	58.0
ptg000042l	35001	35002	81.0	65.0	78.0	53.0
ptg000042l	35101	35102	79.0	64.0	76.0	54.0
ptg000042l	35201	35202	63.0	49.0	52.0	59.0
ptg000042l	35301	35302	87.0	91.0	108.0	96.0
ptg000042l	35401	35402	133.0	119.0	129.0	110.0
ptg000042l	35501	35502	167.0	106.0	127.0	96.0
ptg000042l	35601	35602	154.0	122.0	139.0	100.0
ptg000042l	35701	35702	159.0	155.0	171.0	131.0
ptg000042l	35801	35802	200.0	166.0	192.0	145.0
ptg000042l	35901	35902	168.0	147.0	167.0	146.0
ptg000042l	36001	36002	154.0	130.0	173.0	142.0
ptg000042l	36101	36102	198.0	176.0	184.0	194.0
ptg000042l	36201	36202	220.0	205.0	195.0	191.0
ptg000042l	36301	36302	199.0	181.0	185.0	157.0
ptg000042l	36401	36402	170.0	151.0	166.0	160.0
ptg000042l	36501	36502	110.0	84.0	90.0	81.0
ptg000042l	36601	36602	0.0	2.0	0.0	1.0
ptg000042l	36701	36702	71.0	58.0	72.0	72.0
ptg000042l	36801	36802	127.0	64.0	117.0	60.0
ptg000042l	36901	36902	115.0	77.0	104.0	51.0
ptg000042l	37001	37002	97.0	81.0	81.0	59.0
ptg000042l	37101	37102	95.0	69.0	83.0	62.0
ptg000042l	37201	37202	85.0	94.0	87.0	89.0
ptg000042l	37301	37302	77.0	85.0	88.0	74.0
ptg000042l	37401	37402	95.0	85.0	78.0	105.0
ptg000042l	37501	37502	79.0	80.0	79.0	85.0
ptg000042l	37601	37602	63.0	57.0	72.0	66.0
ptg000042l	37701	37702	37.0	26.0	44.0	40.0
ptg000042l	37801	37802	33.0	22.0	23.0	15.0
ptg000042l	37901	37902	136.0	122.0	130.0	104.0
ptg000042l	38001	38002	80.0	95.0	89.0	84.0
ptg000042l	38101	38102	79.0	34.0	61.0	44.0
ptg000042l	38201	38202	153.0	111.0	160.0	138.0
ptg000042l	38301	38302	163.0	137.0	150.0	143.0
ptg000042l	38401	38402	107.0	111.0	112.0	114.0
ptg000042l	38501	38502	43.0	56.0	51.0	55.0
ptg000042l	38601	38602	35.0	22.0	42.0	30.0
ptg000042l	38701	38702	71.0	49.0	81.0	55.0
ptg000042l	38801	38802	44.0	25.0	37.0	26.0
ptg000042l	38901	38902	56.0	57.0	53.0	49.0
ptg000042l	39001	39002	65.0	83.0	61.0	63.0
ptg000042l	39101	39102	79.0	81.0	73.0	72.0
ptg000042l	39201	39202	83.0	77.0	72.0	68.0
ptg000042l	39301	39302	62.0	73.0	64.0	60.0
ptg000042l	39401	39402	71.0	86.0	69.0	78.0
ptg000042l	39501	39502	82.0	96.0	81.0	102.0
ptg000042l	39601	39602	82.0	106.0	86.0	132.0
ptg000042l	39701	39702	133.0	190.0	147.0	183.0
ptg000042l	39801	39802	186.0	215.0	166.0	226.0
ptg000042l	39901	39902	162.0	179.0	154.0	190.0
ptg000042l	40001	40002	126.0	161.0	108.0	160.0
ptg000042l	40101	40102	148.0	173.0	138.0	162.0
ptg000042l	40201	40202	176.0	199.0	168.0	189.0
ptg000042l	40301	40302	151.0	158.0	125.0	167.0
ptg000042l	40401	40402	164.0	194.0	154.0	182.0
ptg000042l	40501	40502	216.0	227.0	161.0	206.0
ptg000042l	40601	40602	87.0	73.0	64.0	76.0
ptg000042l	40701	40702	40.0	43.0	41.0	49.0
ptg000042l	40801	40802	140.0	160.0	122.0	135.0
ptg000042l	40901	40902	181.0	209.0	171.0	176.0
ptg000042l	41001	41002	203.0	231.0	177.0	195.0
ptg000042l	41101	41102	167.0	215.0	189.0	209.0
ptg000042l	41201	41202	185.0	263.0	218.0	233.0
ptg000042l	41301	41302	220.0	252.0	215.0	243.0
ptg000042l	41401	41402	238.0	230.0	221.0	245.0
ptg000042l	41501	41502	195.0	190.0	212.0	226.0
ptg000042l	41601	41602	153.0	159.0	157.0	142.0
ptg000042l	41701	41702	150.0	149.0	131.0	153.0
ptg000042l	41801	41802	142.0	153.0	135.0	143.0
ptg000042l	41901	41902	101.0	119.0	101.0	117.0
ptg000042l	42001	42002	14.0	10.0	7.0	13.0
ptg000042l	42101	42102	67.0	67.0	52.0	59.0
ptg000042l	42201	42202	206.0	211.0	177.0	193.0
ptg000042l	42301	42302	161.0	154.0	134.0	122.0
ptg000042l	42401	42402	204.0	195.0	173.0	196.0
ptg000042l	42501	42502	190.0	201.0	177.0	205.0
ptg000042l	42601	42602	169.0	200.0	181.0	222.0
ptg000042l	42701	42702	134.0	160.0	137.0	176.0
ptg000042l	42801	42802	40.0	49.0	44.0	42.0
ptg000042l	42901	42902	123.0	133.0	128.0	150.0
ptg000042l	43001	43002	152.0	177.0	125.0	164.0
ptg000042l	43101	43102	132.0	158.0	111.0	127.0
ptg000042l	43201	43202	146.0	182.0	156.0	186.0
ptg000042l	43301	43302	133.0	159.0	136.0	173.0
ptg000042l	43401	43402	154.0	158.0	136.0	160.0
ptg000042l	43501	43502	96.0	87.0	89.0	104.0
ptg000042l	43601	43602	36.0	43.0	33.0	48.0
ptg000042l	43701	43702	94.0	101.0	92.0	107.0
ptg000042l	43801	43802	99.0	89.0	106.0	119.0
ptg000042l	43901	43902	101.0	83.0	105.0	115.0
ptg000042l	44001	44002	200.0	178.0	196.0	192.0
ptg000042l	44101	44102	154.0	112.0	131.0	138.0
ptg000042l	44201	44202	88.0	89.0	82.0	86.0
ptg000042l	44301	44302	156.0	132.0	144.0	147.0
ptg000042l	44401	44402	185.0	175.0	174.0	173.0
ptg000042l	44501	44502	155.0	186.0	139.0	150.0
ptg000042l	44601	44602	159.0	179.0	137.0	163.0
ptg000042l	44701	44702	159.0	171.0	146.0	171.0
ptg000042l	44801	44802	127.0	125.0	100.0	118.0
ptg000042l	44901	44902	69.0	63.0	47.0	54.0
ptg000042l	45001	45002	170.0	149.0	136.0	158.0
ptg000042l	45101	45102	233.0	210.0	170.0	210.0
ptg000042l	45201	45202	177.0	157.0	141.0	174.0
ptg000042l	45301	45302	170.0	197.0	155.0	213.0
ptg000042l	45401	45402	156.0	202.0	161.0	196.0
ptg000042l	45501	45502	147.0	184.0	151.0	175.0
ptg000042l	45601	45602	114.0	164.0	116.0	135.0
ptg000042l	45701	45702	50.0	65.0	51.0	44.0
ptg000042l	45801	45802	15.0	11.0	23.0	13.0
ptg000042l	45901	45902	11.0	5.0	9.0	1.0
ptg000042l	46001	46002	156.0	159.0	150.0	174.0
ptg000042l	46101	46102	218.0	242.0	207.0	259.0
ptg000042l	46201	46202	175.0	172.0	185.0	197.0
ptg000042l	46301	46302	98.0	118.0	103.0	116.0
ptg000042l	46401	46402	156.0	186.0	158.0	190.0
ptg000042l	46501	46502	147.0	181.0	144.0	183.0
ptg000042l	46601	46602	134.0	181.0	140.0	171.0
ptg000042l	46701	46702	130.0	162.0	157.0	188.0
ptg000042l	46801	46802	71.0	78.0	74.0	76.0
ptg000042l	46901	46902	7.0	4.0	7.0	15.0
ptg000042l	47001	47002	30.0	26.0	25.0	18.0
ptg000042l	47101	47102	57.0	61.0	73.0	72.0
ptg000042l	47201	47202	62.0	70.0	63.0	76.0
ptg000042l	47301	47302	65.0	47.0	40.0	50.0
ptg000042l	47401	47402	23.0	32.0	25.0	23.0
ptg000042l	47501	47502	25.0	22.0	26.0	22.0
ptg000042l	47601	47602	64.0	61.0	72.0	59.0
ptg000042l	47701	47702	72.0	73.0	85.0	67.0
ptg000042l	47801	47802	54.0	50.0	58.0	67.0
ptg000042l	47901	47902	56.0	55.0	44.0	55.0
ptg000042l	48001	48002	54.0	61.0	50.0	75.0
ptg000042l	48101	48102	55.0	60.0	57.0	83.0
ptg000042l	48201	48202	59.0	55.0	54.0	72.0
ptg000042l	48301	48302	53.0	71.0	61.0	58.0
ptg000042l	48401	48402	67.0	76.0	68.0	82.0
ptg000042l	48501	48502	61.0	76.0	85.0	55.0
ptg000042l	48601	48602	60.0	76.0	73.0	57.0
ptg000042l	48701	48702	66.0	86.0	66.0	74.0
ptg000042l	48801	48802	66.0	80.0	73.0	85.0
ptg000042l	48901	48902	82.0	77.0	69.0	97.0
ptg000042l	49001	49002	72.0	55.0	59.0	63.0
ptg000042l	49101	49102	66.0	70.0	54.0	58.0
ptg000042l	49201	49202	58.0	55.0	52.0	48.0
ptg000042l	49301	49302	57.0	45.0	49.0	51.0
ptg000042l	49401	49402	73.0	81.0	58.0	68.0
ptg000042l	49501	49502	78.0	82.0	66.0	66.0
ptg000042l	49601	49602	76.0	82.0	71.0	69.0
ptg000042l	49701	49702	86.0	99.0	72.0	103.0
ptg000042l	49801	49802	77.0	80.0	57.0	80.0
ptg000042l	49901	49902	66.0	65.0	50.0	70.0
ptg000042l	50001	50002	52.0	64.0	52.0	61.0
ptg000042l	50101	50102	53.0	64.0	52.0	62.0
ptg000042l	50201	50202	24.0	26.0	20.0	19.0
ptg000042l	50301	50302	17.0	18.0	11.0	10.0
ptg000042l	50401	50402	52.0	47.0	45.0	34.0
ptg000042l	50501	50502	45.0	46.0	45.0	36.0
ptg000042l	50601	50602	59.0	65.0	57.0	63.0
ptg000042l	50701	50702	47.0	56.0	58.0	47.0
ptg000042l	50801	50802	47.0	56.0	51.0	48.0
ptg000042l	50901	50902	37.0	47.0	36.0	42.0
ptg000042l	51001	51002	33.0	39.0	30.0	48.0
ptg000042l	51101	51102	34.0	37.0	45.0	59.0
ptg000042l	51201	51202	47.0	32.0	55.0	56.0
ptg000042l	51301	51302	47.0	42.0	51.0	55.0
ptg000042l	51401	51402	66.0	60.0	52.0	55.0
ptg000042l	51501	51502	70.0	62.0	48.0	52.0
ptg000042l	51601	51602	62.0	72.0	68.0	56.0
ptg000042l	51701	51702	81.0	75.0	59.0	59.0
ptg000042l	51801	51802	84.0	82.0	72.0	74.0
ptg000042l	51901	51902	66.0	64.0	57.0	57.0
ptg000042l	52001	52002	67.0	66.0	76.0	80.0
ptg000042l	52101	52102	70.0	85.0	91.0	69.0
ptg000042l	52201	52202	63.0	71.0	62.0	62.0
ptg000042l	52301	52302	66.0	88.0	84.0	69.0
ptg000042l	52401	52402	68.0	97.0	81.0	97.0
ptg000042l	52501	52502	81.0	103.0	73.0	93.0
ptg000042l	52601	52602	90.0	85.0	92.0	80.0
ptg000042l	52701	52702	127.0	130.0	138.0	139.0
ptg000042l	52801	52802	169.0	173.0	164.0	170.0
ptg000042l	52901	52902	168.0	191.0	180.0	180.0
ptg000042l	53001	53002	125.0	136.0	145.0	131.0
ptg000042l	53101	53102	139.0	164.0	149.0	147.0
ptg000042l	53201	53202	154.0	198.0	177.0	191.0
ptg000042l	53301	53302	168.0	199.0	191.0	192.0
ptg000042l	53401	53402	129.0	173.0	157.0	174.0
ptg000042l	53501	53502	188.0	206.0	189.0	236.0
ptg000042l	53601	53602	164.0	167.0	139.0	178.0
ptg000042l	53701	53702	14.0	11.0	16.0	6.0
ptg000042l	53801	53802	57.0	59.0	38.0	52.0
ptg000042l	53901	53902	152.0	137.0	128.0	137.0
ptg000042l	54001	54002	189.0	174.0	170.0	194.0
ptg000042l	54101	54102	142.0	171.0	126.0	188.0
ptg000042l	54201	54202	180.0	203.0	152.0	194.0
ptg000042l	54301	54302	197.0	240.0	203.0	238.0
ptg000042l	54401	54402	241.0	239.0	205.0	210.0
ptg000042l	54501	54502	238.0	201.0	212.0	223.0
ptg000042l	54601	54602	212.0	186.0	178.0	228.0
ptg000042l	54701	54702	149.0	140.0	141.0	163.0
ptg000042l	54801	54802	122.0	161.0	132.0	143.0
ptg000042l	54901	54902	99.0	116.0	108.0	120.0
ptg000042l	55001	55002	19.0	10.0	13.0	11.0
ptg000042l	55101	55102	46.0	41.0	41.0	34.0
ptg000042l	55201	55202	129.0	145.0	115.0	138.0
ptg000042l	55301	55302	199.0	231.0	200.0	208.0
ptg000042l	55401	55402	181.0	183.0	180.0	202.0
ptg000042l	55501	55502	179.0	177.0	180.0	223.0
ptg000042l	55601	55602	163.0	200.0	191.0	207.0
ptg000042l	55701	55702	164.0	193.0	201.0	229.0
ptg000042l	55801	55802	94.0	105.0	118.0	114.0
ptg000042l	55901	55902	60.0	84.0	78.0	68.0
ptg000042l	56001	56002	160.0	181.0	175.0	171.0
ptg000042l	56101	56102	112.0	152.0	135.0	160.0
ptg000042l	56201	56202	106.0	152.0	128.0	129.0
ptg000042l	56301	56302	161.0	184.0	160.0	185.0
ptg000042l	56401	56402	137.0	166.0	140.0	155.0
ptg000042l	56501	56502	126.0	135.0	133.0	137.0
ptg000042l	56601	56602	51.0	49.0	53.0	55.0
ptg000042l	56701	56702	44.0	56.0	67.0	62.0
ptg000042l	56801	56802	85.0	111.0	109.0	118.0
ptg000042l	56901	56902	71.0	82.0	75.0	84.0
ptg000042l	57001	57002	120.0	150.0	126.0	141.0
ptg000042l	57101	57102	184.0	195.0	194.0	195.0
ptg000042l	57201	57202	94.0	114.0	73.0	93.0
ptg000042l	57301	57302	108.0	123.0	84.0	113.0
ptg000042l	57401	57402	160.0	177.0	159.0	160.0
ptg000042l	57501	57502	168.0	177.0	160.0	190.0
ptg000042l	57601	57602	142.0	191.0	155.0	200.0
ptg000042l	57701	57702	133.0	170.0	145.0	169.0
ptg000042l	57801	57802	171.0	165.0	143.0	174.0
ptg000042l	57901	57902	73.0	82.0	78.0	68.0
ptg000042l	58001	58002	57.0	73.0	74.0	85.0
ptg000042l	58101	58102	144.0	175.0	177.0	183.0
ptg000042l	58201	58202	172.0	195.0	163.0	194.0
ptg000042l	58301	58302	155.0	180.0	150.0	154.0
ptg000042l	58401	58402	158.0	179.0	180.0	181.0
ptg000042l	58501	58502	151.0	163.0	152.0	146.0
ptg000042l	58601	58602	143.0	157.0	144.0	162.0
ptg000042l	58701	58702	86.0	95.0	84.0	105.0
ptg000042l	58801	58802	21.0	31.0	26.0	25.0
ptg000042l	58901	58902	24.0	28.0	23.0	12.0
ptg000042l	59001	59002	26.0	14.0	23.0	22.0
ptg000042l	59101	59102	162.0	170.0	129.0	141.0
ptg000042l	59201	59202	172.0	172.0	143.0	179.0
ptg000042l	59301	59302	147.0	150.0	124.0	126.0
ptg000042l	59401	59402	57.0	96.0	101.0	79.0
ptg000042l	59501	59502	145.0	165.0	174.0	120.0
ptg000042l	59601	59602	114.0	108.0	111.0	84.0
ptg000042l	59701	59702	78.0	86.0	82.0	66.0
ptg000042l	59801	59802	93.0	84.0	80.0	78.0
ptg000042l	59901	59902	114.0	120.0	88.0	115.0
ptg000042l	60001	60002	58.0	72.0	54.0	66.0
ptg000042l	60101	60102	83.0	69.0	65.0	71.0
ptg000042l	60201	60202	59.0	75.0	67.0	62.0
ptg000042l	60301	60302	65.0	84.0	73.0	84.0
ptg000042l	60401	60402	55.0	54.0	42.0	64.0
ptg000042l	60501	60502	61.0	42.0	56.0	73.0
ptg000042l	60601	60602	86.0	73.0	56.0	84.0
ptg000042l	60701	60702	72.0	65.0	42.0	81.0
ptg000042l	60801	60802	54.0	60.0	47.0	63.0
ptg000042l	60901	60902	43.0	66.0	52.0	53.0
ptg000042l	61001	61002	57.0	56.0	51.0	67.0
ptg000042l	61101	61102	38.0	47.0	45.0	56.0
ptg000042l	61201	61202	28.0	53.0	43.0	61.0
ptg000042l	61301	61302	27.0	22.0	30.0	27.0
ptg000042l	61401	61402	46.0	45.0	41.0	63.0
ptg000042l	61501	61502	42.0	53.0	50.0	57.0
ptg000042l	61601	61602	19.0	36.0	36.0	37.0
ptg000042l	61701	61702	0.0	5.0	5.0	1.0
ptg000042l	61801	61802	5.0	2.0	4.0	1.0
ptg000042l	61901	61902	19.0	22.0	16.0	21.0
ptg000042l	62001	62002	55.0	70.0	51.0	70.0
ptg000042l	62101	62102	50.0	86.0	74.0	80.0
ptg000042l	62201	62202	62.0	88.0	52.0	89.0
ptg000042l	62301	62302	49.0	72.0	56.0	67.0
ptg000042l	62401	62402	69.0	87.0	73.0	55.0
ptg000042l	62501	62502	58.0	88.0	63.0	52.0
ptg000042l	62601	62602	79.0	89.0	73.0	62.0
ptg000042l	62701	62702	76.0	92.0	72.0	77.0
ptg000042l	62801	62802	8.0	18.0	4.0	11.0
ptg000042l	62901	62902	45.0	48.0	36.0	40.0
ptg000042l	63001	63002	160.0	161.0	141.0	141.0
ptg000042l	63101	63102	285.0	281.0	254.0	251.0
ptg000042l	63201	63202	207.0	230.0	198.0	208.0
ptg000042l	63301	63302	203.0	221.0	196.0	206.0
ptg000042l	63401	63402	248.0	225.0	215.0	187.0
ptg000042l	63501	63502	185.0	176.0	182.0	172.0
ptg000042l	63601	63602	69.0	74.0	71.0	63.0
ptg000042l	63701	63702	177.0	187.0	189.0	181.0
ptg000042l	63801	63802	130.0	139.0	135.0	144.0
ptg000042l	63901	63902	122.0	134.0	126.0	149.0
ptg000042l	64001	64002	137.0	158.0	151.0	160.0
ptg000042l	64101	64102	114.0	142.0	126.0	128.0
ptg000042l	64201	64202	68.0	81.0	78.0	66.0
ptg000042l	64301	64302	69.0	94.0	91.0	73.0
ptg000042l	64401	64402	53.0	77.0	61.0	61.0
ptg000042l	64501	64502	19.0	22.0	26.0	12.0
ptg000042l	64601	64602	69.0	96.0	72.0	67.0
ptg000042l	64701	64702	146.0	183.0	130.0	143.0
ptg000042l	64801	64802	132.0	170.0	123.0	148.0
ptg000042l	64901	64902	115.0	148.0	128.0	127.0
ptg000042l	65001	65002	118.0	158.0	137.0	118.0
ptg000042l	65101	65102	60.0	66.0	60.0	43.0
ptg000042l	65201	65202	6.0	12.0	8.0	5.0
ptg000042l	65301	65302	26.0	39.0	25.0	21.0
ptg000042l	65401	65402	83.0	111.0	86.0	81.0
ptg000042l	65501	65502	85.0	92.0	84.0	84.0
ptg000042l	65601	65602	85.0	88.0	104.0	95.0
ptg000042l	65701	65702	120.0	125.0	156.0	143.0
ptg000042l	65801	65802	164.0	208.0	184.0	224.0
ptg000042l	65901	65902	188.0	217.0	211.0	237.0
ptg000042l	66001	66002	169.0	187.0	173.0	186.0
ptg000042l	66101	66102	118.0	128.0	113.0	141.0
ptg000042l	66201	66202	162.0	182.0	153.0	190.0
ptg000042l	66301	66302	200.0	208.0	178.0	219.0
ptg000042l	66401	66402	189.0	216.0	185.0	223.0
ptg000042l	66501	66502	155.0	165.0	143.0	173.0
ptg000042l	66601	66602	203.0	225.0	195.0	237.0
ptg000042l	66701	66702	141.0	143.0	125.0	159.0
ptg000042l	66801	66802	38.0	34.0	39.0	38.0
ptg000042l	66901	66902	129.0	123.0	120.0	103.0
ptg000042l	67001	67002	165.0	172.0	164.0	160.0
ptg000042l	67101	67102	194.0	211.0	203.0	234.0
ptg000042l	67201	67202	170.0	203.0	174.0	212.0
ptg000042l	67301	67302	197.0	204.0	182.0	205.0
ptg000042l	67401	67402	200.0	224.0	189.0	245.0
ptg000042l	67501	67502	210.0	231.0	226.0	233.0
ptg000042l	67601	67602	206.0	211.0	200.0	177.0
ptg000042l	67701	67702	184.0	215.0	177.0	207.0
ptg000042l	67801	67802	121.0	155.0	134.0	166.0
ptg000042l	67901	67902	132.0	149.0	135.0	160.0
ptg000042l	68001	68002	103.0	115.0	114.0	113.0
ptg000042l	68101	68102	12.0	18.0	14.0	18.0
ptg000042l	68201	68202	62.0	82.0	61.0	73.0
ptg000042l	68301	68302	158.0	179.0	182.0	176.0
ptg000042l	68401	68402	153.0	160.0	171.0	164.0
ptg000042l	68501	68502	193.0	191.0	173.0	186.0
ptg000042l	68601	68602	189.0	181.0	170.0	170.0
ptg000042l	68701	68702	177.0	184.0	195.0	199.0
ptg000042l	68801	68802	177.0	170.0	170.0	152.0
ptg000042l	68901	68902	72.0	60.0	44.0	36.0
ptg000042l	69001	69002	115.0	120.0	111.0	138.0
ptg000042l	69101	69102	142.0	162.0	151.0	184.0
ptg000042l	69201	69202	128.0	151.0	119.0	156.0
ptg000042l	69301	69302	160.0	167.0	135.0	174.0
ptg000042l	69401	69402	126.0	166.0	114.0	162.0
ptg000042l	69501	69502	138.0	159.0	144.0	165.0
ptg000042l	69601	69602	96.0	112.0	96.0	114.0
ptg000042l	69701	69702	27.0	23.0	32.0	41.0
ptg000042l	69801	69802	78.0	104.0	74.0	100.0
ptg000042l	69901	69902	101.0	137.0	89.0	122.0
ptg000042l	70001	70002	78.0	86.0	76.0	83.0
ptg000042l	70101	70102	138.0	149.0	125.0	172.0
ptg000042l	70201	70202	118.0	113.0	90.0	132.0
ptg000042l	70301	70302	61.0	59.0	45.0	64.0
ptg000042l	70401	70402	51.0	42.0	36.0	50.0
