#plotCoverage --outRawCounts
#'chr'	'start'	'end'	'S1.dedup.bam'	'S2.dedup.bam'	'S3.dedup.bam'	'S4.dedup.bam'
ptg000038l	1	2	0.0	2.0	0.0	0.0
ptg000038l	101	102	28.0	28.0	15.0	33.0
ptg000038l	201	202	38.0	38.0	20.0	47.0
ptg000038l	301	302	56.0	58.0	47.0	79.0
ptg000038l	401	402	62.0	58.0	39.0	90.0
ptg000038l	501	502	34.0	45.0	29.0	49.0
ptg000038l	601	602	11.0	19.0	8.0	15.0
ptg000038l	701	702	14.0	11.0	13.0	11.0
ptg000038l	801	802	2.0	7.0	7.0	9.0
ptg000038l	901	902	8.0	7.0	17.0	11.0
ptg000038l	1001	1002	21.0	16.0	30.0	15.0
ptg000038l	1101	1102	19.0	20.0	29.0	13.0
ptg000038l	1201	1202	2.0	1.0	2.0	0.0
ptg000038l	1301	1302	11.0	4.0	8.0	10.0
ptg000038l	1401	1402	13.0	9.0	11.0	8.0
ptg000038l	1501	1502	3.0	6.0	5.0	8.0
ptg000038l	1601	1602	9.0	10.0	9.0	13.0
ptg000038l	1701	1702	8.0	13.0	9.0	11.0
ptg000038l	1801	1802	9.0	4.0	6.0	4.0
ptg000038l	1901	1902	4.0	5.0	4.0	6.0
ptg000038l	2001	2002	2.0	3.0	6.0	2.0
ptg000038l	2101	2102	8.0	3.0	9.0	2.0
ptg000038l	2201	2202	3.0	3.0	8.0	5.0
ptg000038l	2301	2302	9.0	8.0	4.0	7.0
ptg000038l	2401	2402	17.0	19.0	17.0	15.0
ptg000038l	2501	2502	23.0	15.0	23.0	14.0
ptg000038l	2601	2602	21.0	22.0	15.0	13.0
ptg000038l	2701	2702	15.0	17.0	11.0	11.0
ptg000038l	2801	2802	5.0	9.0	3.0	2.0
ptg000038l	2901	2902	10.0	15.0	14.0	13.0
ptg000038l	3001	3002	8.0	15.0	16.0	13.0
ptg000038l	3101	3102	18.0	21.0	23.0	29.0
ptg000038l	3201	3202	19.0	15.0	21.0	14.0
ptg000038l	3301	3302	7.0	10.0	15.0	8.0
ptg000038l	3401	3402	10.0	8.0	15.0	9.0
ptg000038l	3501	3502	10.0	5.0	8.0	4.0
ptg000038l	3601	3602	1.0	1.0	6.0	2.0
ptg000038l	3701	3702	2.0	2.0	6.0	4.0
ptg000038l	3801	3802	3.0	1.0	2.0	4.0
ptg000038l	3901	3902	0.0	1.0	0.0	1.0
ptg000038l	4001	4002	14.0	9.0	13.0	16.0
ptg000038l	4101	4102	23.0	26.0	17.0	27.0
ptg000038l	4201	4202	5.0	9.0	8.0	8.0
ptg000038l	4301	4302	10.0	16.0	14.0	15.0
ptg000038l	4401	4402	14.0	14.0	11.0	13.0
ptg000038l	4501	4502	0.0	0.0	0.0	0.0
ptg000038l	4601	4602	4.0	1.0	1.0	2.0
ptg000038l	4701	4702	0.0	0.0	0.0	1.0
ptg000038l	4801	4802	2.0	0.0	0.0	0.0
ptg000038l	4901	4902	3.0	0.0	0.0	2.0
ptg000038l	5001	5002	3.0	6.0	2.0	6.0
ptg000038l	5101	5102	3.0	4.0	1.0	6.0
ptg000038l	5201	5202	4.0	4.0	5.0	8.0
ptg000038l	5301	5302	4.0	6.0	2.0	7.0
ptg000038l	5401	5402	5.0	11.0	2.0	11.0
ptg000038l	5501	5502	8.0	13.0	9.0	5.0
ptg000038l	5601	5602	2.0	0.0	0.0	1.0
ptg000038l	5701	5702	59.0	61.0	56.0	75.0
ptg000038l	5801	5802	130.0	168.0	151.0	216.0
ptg000038l	5901	5902	95.0	123.0	85.0	152.0
ptg000038l	6001	6002	98.0	103.0	104.0	158.0
ptg000038l	6101	6102	35.0	41.0	55.0	60.0
ptg000038l	6201	6202	19.0	29.0	24.0	33.0
ptg000038l	6301	6302	78.0	74.0	115.0	117.0
ptg000038l	6401	6402	231.0	301.0	288.0	383.0
ptg000038l	6501	6502	535.0	651.0	592.0	823.0
ptg000038l	6601	6602	483.0	549.0	514.0	744.0
ptg000038l	6701	6702	310.0	354.0	370.0	499.0
ptg000038l	6801	6802	357.0	413.0	466.0	553.0
ptg000038l	6901	6902	275.0	364.0	348.0	432.0
ptg000038l	7001	7002	219.0	258.0	241.0	320.0
ptg000038l	7101	7102	210.0	224.0	262.0	285.0
ptg000038l	7201	7202	354.0	358.0	417.0	457.0
ptg000038l	7301	7302	283.0	311.0	325.0	427.0
ptg000038l	7401	7402	116.0	139.0	158.0	180.0
ptg000038l	7501	7502	125.0	114.0	137.0	154.0
ptg000038l	7601	7602	58.0	61.0	64.0	74.0
ptg000038l	7701	7702	86.0	89.0	123.0	157.0
ptg000038l	7801	7802	124.0	122.0	128.0	182.0
ptg000038l	7901	7902	22.0	31.0	29.0	33.0
ptg000038l	8001	8002	46.0	42.0	52.0	61.0
ptg000038l	8101	8102	48.0	37.0	34.0	57.0
ptg000038l	8201	8202	2.0	0.0	0.0	1.0
ptg000038l	8301	8302	30.0	55.0	60.0	58.0
ptg000038l	8401	8402	51.0	87.0	80.0	104.0
ptg000038l	8501	8502	74.0	98.0	82.0	126.0
ptg000038l	8601	8602	81.0	156.0	136.0	168.0
ptg000038l	8701	8702	100.0	164.0	160.0	218.0
ptg000038l	8801	8802	6.0	2.0	5.0	5.0
ptg000038l	8901	8902	10.0	10.0	15.0	16.0
ptg000038l	9001	9002	31.0	42.0	38.0	46.0
ptg000038l	9101	9102	39.0	31.0	32.0	55.0
ptg000038l	9201	9202	2.0	4.0	2.0	3.0
ptg000038l	9301	9302	33.0	39.0	39.0	35.0
ptg000038l	9401	9402	46.0	47.0	45.0	69.0
ptg000038l	9501	9502	51.0	45.0	45.0	70.0
ptg000038l	9601	9602	35.0	42.0	43.0	63.0
ptg000038l	9701	9702	25.0	29.0	27.0	45.0
ptg000038l	9801	9802	60.0	46.0	55.0	59.0
ptg000038l	9901	9902	74.0	64.0	77.0	71.0
ptg000038l	10001	10002	29.0	31.0	22.0	44.0
ptg000038l	10101	10102	80.0	110.0	82.0	126.0
ptg000038l	10201	10202	81.0	90.0	78.0	110.0
ptg000038l	10301	10302	25.0	38.0	23.0	35.0
ptg000038l	10401	10402	1.0	1.0	1.0	2.0
ptg000038l	10501	10502	1.0	1.0	1.0	2.0
ptg000038l	10601	10602	5.0	3.0	4.0	4.0
ptg000038l	10701	10702	9.0	4.0	4.0	9.0
ptg000038l	10801	10802	3.0	6.0	4.0	6.0
ptg000038l	10901	10902	6.0	7.0	10.0	14.0
ptg000038l	11001	11002	3.0	1.0	5.0	2.0
ptg000038l	11101	11102	4.0	3.0	7.0	9.0
ptg000038l	11201	11202	49.0	27.0	48.0	84.0
ptg000038l	11301	11302	20.0	10.0	24.0	32.0
ptg000038l	11401	11402	5.0	5.0	12.0	14.0
ptg000038l	11501	11502	1.0	1.0	1.0	1.0
ptg000038l	11601	11602	13.0	11.0	19.0	23.0
ptg000038l	11701	11702	8.0	7.0	11.0	11.0
ptg000038l	11801	11802	1.0	3.0	2.0	1.0
ptg000038l	11901	11902	1.0	2.0	3.0	2.0
ptg000038l	12001	12002	0.0	1.0	4.0	0.0
ptg000038l	12101	12102	1.0	1.0	5.0	0.0
ptg000038l	12201	12202	1.0	2.0	4.0	1.0
ptg000038l	12301	12302	0.0	2.0	0.0	3.0
ptg000038l	12401	12402	0.0	1.0	0.0	1.0
ptg000038l	12501	12502	0.0	0.0	0.0	1.0
ptg000038l	12601	12602	0.0	0.0	0.0	1.0
ptg000038l	12701	12702	0.0	0.0	1.0	1.0
ptg000038l	12801	12802	0.0	0.0	0.0	0.0
ptg000038l	12901	12902	2.0	3.0	3.0	0.0
ptg000038l	13001	13002	4.0	2.0	6.0	1.0
ptg000038l	13101	13102	5.0	4.0	5.0	3.0
ptg000038l	13201	13202	2.0	1.0	4.0	8.0
ptg000038l	13301	13302	0.0	0.0	1.0	2.0
ptg000038l	13401	13402	0.0	1.0	1.0	2.0
ptg000038l	13501	13502	0.0	1.0	0.0	0.0
ptg000038l	13601	13602	4.0	1.0	6.0	1.0
ptg000038l	13701	13702	2.0	4.0	8.0	4.0
ptg000038l	13801	13802	4.0	8.0	3.0	1.0
ptg000038l	13901	13902	2.0	5.0	5.0	1.0
ptg000038l	14001	14002	1.0	1.0	1.0	0.0
ptg000038l	14101	14102	1.0	0.0	0.0	0.0
ptg000038l	14201	14202	3.0	0.0	1.0	1.0
ptg000038l	14301	14302	2.0	1.0	7.0	4.0
ptg000038l	14401	14402	0.0	1.0	0.0	1.0
ptg000038l	14501	14502	0.0	0.0	0.0	1.0
ptg000038l	14601	14602	2.0	3.0	6.0	2.0
ptg000038l	14701	14702	0.0	1.0	3.0	0.0
ptg000038l	14801	14802	3.0	0.0	3.0	2.0
ptg000038l	14901	14902	7.0	3.0	6.0	7.0
ptg000038l	15001	15002	5.0	5.0	6.0	2.0
ptg000038l	15101	15102	10.0	5.0	11.0	0.0
ptg000038l	15201	15202	8.0	7.0	9.0	0.0
ptg000038l	15301	15302	10.0	5.0	5.0	2.0
ptg000038l	15401	15402	5.0	1.0	5.0	2.0
ptg000038l	15501	15502	1.0	0.0	2.0	0.0
ptg000038l	15601	15602	4.0	3.0	6.0	0.0
ptg000038l	15701	15702	6.0	7.0	5.0	5.0
ptg000038l	15801	15802	11.0	6.0	10.0	11.0
ptg000038l	15901	15902	13.0	11.0	7.0	16.0
ptg000038l	16001	16002	7.0	12.0	8.0	14.0
ptg000038l	16101	16102	5.0	10.0	8.0	9.0
ptg000038l	16201	16202	1.0	0.0	1.0	0.0
ptg000038l	16301	16302	15.0	15.0	6.0	11.0
ptg000038l	16401	16402	22.0	16.0	19.0	12.0
ptg000038l	16501	16502	8.0	6.0	12.0	8.0
ptg000038l	16601	16602	3.0	1.0	1.0	3.0
ptg000038l	16701	16702	0.0	0.0	0.0	0.0
ptg000038l	16801	16802	2.0	4.0	1.0	0.0
ptg000038l	16901	16902	1.0	0.0	0.0	1.0
ptg000038l	17001	17002	8.0	1.0	4.0	2.0
ptg000038l	17101	17102	2.0	0.0	0.0	0.0
ptg000038l	17201	17202	3.0	0.0	1.0	0.0
ptg000038l	17301	17302	2.0	0.0	0.0	0.0
ptg000038l	17401	17402	0.0	0.0	1.0	0.0
ptg000038l	17501	17502	0.0	0.0	0.0	0.0
ptg000038l	17601	17602	3.0	2.0	3.0	1.0
ptg000038l	17701	17702	5.0	4.0	9.0	2.0
ptg000038l	17801	17802	0.0	0.0	0.0	1.0
ptg000038l	17901	17902	11.0	7.0	9.0	16.0
ptg000038l	18001	18002	9.0	5.0	8.0	14.0
ptg000038l	18101	18102	5.0	5.0	6.0	8.0
ptg000038l	18201	18202	3.0	0.0	2.0	1.0
ptg000038l	18301	18302	1.0	0.0	0.0	0.0
ptg000038l	18401	18402	1.0	0.0	2.0	0.0
ptg000038l	18501	18502	0.0	1.0	1.0	0.0
ptg000038l	18601	18602	0.0	0.0	0.0	0.0
ptg000038l	18701	18702	1.0	0.0	0.0	0.0
ptg000038l	18801	18802	1.0	0.0	0.0	0.0
ptg000038l	18901	18902	0.0	0.0	0.0	0.0
ptg000038l	19001	19002	0.0	0.0	0.0	0.0
ptg000038l	19101	19102	0.0	0.0	0.0	0.0
ptg000038l	19201	19202	0.0	0.0	0.0	0.0
ptg000038l	19301	19302	0.0	0.0	0.0	0.0
ptg000038l	19401	19402	0.0	0.0	0.0	0.0
ptg000038l	19501	19502	0.0	0.0	0.0	0.0
ptg000038l	19601	19602	0.0	0.0	0.0	0.0
ptg000038l	19701	19702	0.0	0.0	1.0	2.0
ptg000038l	19801	19802	4.0	0.0	4.0	5.0
ptg000038l	19901	19902	2.0	0.0	4.0	3.0
ptg000038l	20001	20002	3.0	0.0	5.0	6.0
ptg000038l	20101	20102	0.0	0.0	0.0	0.0
ptg000038l	20201	20202	4.0	1.0	1.0	5.0
ptg000038l	20301	20302	5.0	6.0	4.0	9.0
ptg000038l	20401	20402	0.0	1.0	0.0	0.0
ptg000038l	20501	20502	2.0	2.0	1.0	1.0
ptg000038l	20601	20602	0.0	1.0	0.0	0.0
ptg000038l	20701	20702	4.0	0.0	3.0	5.0
ptg000038l	20801	20802	0.0	0.0	0.0	0.0
ptg000038l	20901	20902	0.0	0.0	0.0	0.0
ptg000038l	21001	21002	0.0	0.0	0.0	0.0
ptg000038l	21101	21102	0.0	0.0	1.0	0.0
ptg000038l	21201	21202	0.0	1.0	1.0	0.0
ptg000038l	21301	21302	0.0	0.0	0.0	0.0
ptg000038l	21401	21402	0.0	0.0	0.0	3.0
ptg000038l	21501	21502	0.0	0.0	0.0	2.0
ptg000038l	21601	21602	2.0	1.0	2.0	0.0
ptg000038l	21701	21702	3.0	8.0	2.0	3.0
ptg000038l	21801	21802	1.0	3.0	2.0	0.0
ptg000038l	21901	21902	5.0	2.0	1.0	2.0
ptg000038l	22001	22002	2.0	1.0	1.0	2.0
ptg000038l	22101	22102	5.0	4.0	3.0	7.0
ptg000038l	22201	22202	3.0	1.0	4.0	5.0
ptg000038l	22301	22302	5.0	0.0	5.0	4.0
ptg000038l	22401	22402	5.0	2.0	4.0	1.0
ptg000038l	22501	22502	3.0	1.0	2.0	0.0
ptg000038l	22601	22602	0.0	1.0	1.0	0.0
ptg000038l	22701	22702	1.0	1.0	1.0	0.0
ptg000038l	22801	22802	0.0	0.0	0.0	0.0
ptg000038l	22901	22902	3.0	0.0	3.0	0.0
ptg000038l	23001	23002	1.0	1.0	1.0	0.0
ptg000038l	23101	23102	1.0	0.0	0.0	2.0
ptg000038l	23201	23202	0.0	1.0	0.0	2.0
ptg000038l	23301	23302	0.0	0.0	0.0	0.0
ptg000038l	23401	23402	1.0	1.0	1.0	0.0
ptg000038l	23501	23502	0.0	0.0	1.0	1.0
ptg000038l	23601	23602	1.0	0.0	1.0	1.0
ptg000038l	23701	23702	2.0	0.0	0.0	1.0
ptg000038l	23801	23802	1.0	0.0	1.0	0.0
ptg000038l	23901	23902	2.0	1.0	2.0	1.0
ptg000038l	24001	24002	2.0	1.0	1.0	1.0
ptg000038l	24101	24102	0.0	0.0	0.0	0.0
ptg000038l	24201	24202	2.0	0.0	2.0	0.0
ptg000038l	24301	24302	0.0	0.0	1.0	0.0
ptg000038l	24401	24402	0.0	0.0	0.0	0.0
ptg000038l	24501	24502	0.0	0.0	2.0	0.0
ptg000038l	24601	24602	1.0	0.0	1.0	0.0
ptg000038l	24701	24702	1.0	0.0	1.0	0.0
ptg000038l	24801	24802	0.0	0.0	0.0	0.0
ptg000038l	24901	24902	0.0	0.0	0.0	0.0
ptg000038l	25001	25002	0.0	0.0	0.0	0.0
ptg000038l	25101	25102	0.0	0.0	0.0	0.0
ptg000038l	25201	25202	0.0	0.0	0.0	0.0
ptg000038l	25301	25302	6.0	8.0	3.0	1.0
ptg000038l	25401	25402	30.0	26.0	21.0	14.0
ptg000038l	25501	25502	23.0	28.0	15.0	6.0
ptg000038l	25601	25602	0.0	1.0	0.0	0.0
ptg000038l	25701	25702	0.0	0.0	0.0	0.0
ptg000038l	25801	25802	0.0	0.0	0.0	0.0
ptg000038l	25901	25902	0.0	0.0	0.0	0.0
ptg000038l	26001	26002	0.0	0.0	0.0	0.0
ptg000038l	26101	26102	2.0	0.0	0.0	0.0
ptg000038l	26201	26202	0.0	0.0	0.0	0.0
ptg000038l	26301	26302	0.0	0.0	0.0	0.0
ptg000038l	26401	26402	0.0	0.0	0.0	0.0
ptg000038l	26501	26502	0.0	0.0	0.0	0.0
ptg000038l	26601	26602	0.0	2.0	0.0	0.0
ptg000038l	26701	26702	0.0	1.0	0.0	0.0
ptg000038l	26801	26802	0.0	1.0	1.0	0.0
ptg000038l	26901	26902	0.0	2.0	0.0	2.0
ptg000038l	27001	27002	0.0	3.0	3.0	2.0
ptg000038l	27101	27102	0.0	2.0	1.0	0.0
ptg000038l	27201	27202	0.0	0.0	0.0	0.0
ptg000038l	27301	27302	0.0	0.0	0.0	0.0
ptg000038l	27401	27402	0.0	0.0	0.0	0.0
ptg000038l	27501	27502	0.0	0.0	0.0	0.0
ptg000038l	27601	27602	0.0	0.0	0.0	0.0
ptg000038l	27701	27702	0.0	0.0	1.0	0.0
ptg000038l	27801	27802	0.0	0.0	0.0	0.0
ptg000038l	27901	27902	0.0	0.0	0.0	0.0
ptg000038l	28001	28002	0.0	0.0	0.0	0.0
ptg000038l	28101	28102	0.0	1.0	0.0	1.0
ptg000038l	28201	28202	0.0	4.0	5.0	3.0
ptg000038l	28301	28302	0.0	1.0	4.0	1.0
ptg000038l	28401	28402	1.0	2.0	1.0	0.0
ptg000038l	28501	28502	0.0	2.0	0.0	0.0
ptg000038l	28601	28602	0.0	0.0	1.0	2.0
ptg000038l	28701	28702	1.0	3.0	4.0	4.0
ptg000038l	28801	28802	1.0	2.0	1.0	0.0
ptg000038l	28901	28902	3.0	1.0	1.0	2.0
ptg000038l	29001	29002	0.0	0.0	0.0	0.0
ptg000038l	29101	29102	0.0	0.0	0.0	0.0
ptg000038l	29201	29202	0.0	0.0	0.0	0.0
ptg000038l	29301	29302	0.0	0.0	0.0	0.0
ptg000038l	29401	29402	0.0	0.0	0.0	0.0
ptg000038l	29501	29502	0.0	0.0	0.0	0.0
ptg000038l	29601	29602	0.0	0.0	0.0	0.0
ptg000038l	29701	29702	0.0	0.0	0.0	0.0
ptg000038l	29801	29802	0.0	0.0	0.0	0.0
ptg000038l	29901	29902	1.0	2.0	1.0	0.0
ptg000038l	30001	30002	1.0	2.0	0.0	0.0
ptg000038l	30101	30102	1.0	1.0	0.0	0.0
ptg000038l	30201	30202	1.0	1.0	0.0	0.0
ptg000038l	30301	30302	0.0	0.0	0.0	0.0
ptg000038l	30401	30402	0.0	0.0	1.0	0.0
ptg000038l	30501	30502	1.0	3.0	3.0	0.0
ptg000038l	30601	30602	1.0	2.0	3.0	0.0
ptg000038l	30701	30702	0.0	1.0	1.0	0.0
ptg000038l	30801	30802	0.0	1.0	0.0	0.0
ptg000038l	30901	30902	0.0	1.0	0.0	1.0
ptg000038l	31001	31002	0.0	0.0	0.0	0.0
ptg000038l	31101	31102	0.0	0.0	0.0	0.0
ptg000038l	31201	31202	1.0	0.0	0.0	0.0
ptg000038l	31301	31302	2.0	0.0	0.0	0.0
ptg000038l	31401	31402	1.0	0.0	0.0	1.0
ptg000038l	31501	31502	0.0	0.0	0.0	0.0
ptg000038l	31601	31602	0.0	0.0	0.0	0.0
ptg000038l	31701	31702	0.0	0.0	0.0	0.0
ptg000038l	31801	31802	0.0	0.0	0.0	1.0
ptg000038l	31901	31902	0.0	0.0	0.0	0.0
ptg000038l	32001	32002	0.0	0.0	0.0	0.0
ptg000038l	32101	32102	0.0	0.0	0.0	0.0
ptg000038l	32201	32202	0.0	0.0	0.0	0.0
ptg000038l	32301	32302	0.0	0.0	0.0	0.0
ptg000038l	32401	32402	0.0	0.0	0.0	0.0
ptg000038l	32501	32502	0.0	0.0	0.0	2.0
ptg000038l	32601	32602	3.0	3.0	0.0	4.0
ptg000038l	32701	32702	1.0	1.0	0.0	0.0
ptg000038l	32801	32802	0.0	0.0	0.0	0.0
ptg000038l	32901	32902	0.0	0.0	0.0	0.0
ptg000038l	33001	33002	0.0	0.0	0.0	0.0
ptg000038l	33101	33102	0.0	0.0	0.0	0.0
ptg000038l	33201	33202	2.0	3.0	2.0	3.0
ptg000038l	33301	33302	0.0	0.0	0.0	0.0
ptg000038l	33401	33402	0.0	0.0	0.0	0.0
ptg000038l	33501	33502	0.0	0.0	0.0	0.0
ptg000038l	33601	33602	0.0	0.0	0.0	0.0
ptg000038l	33701	33702	0.0	2.0	0.0	0.0
ptg000038l	33801	33802	1.0	1.0	0.0	0.0
ptg000038l	33901	33902	0.0	4.0	1.0	2.0
ptg000038l	34001	34002	8.0	7.0	6.0	4.0
ptg000038l	34101	34102	3.0	3.0	1.0	1.0
ptg000038l	34201	34202	0.0	0.0	0.0	0.0
ptg000038l	34301	34302	0.0	0.0	0.0	0.0
ptg000038l	34401	34402	0.0	0.0	0.0	0.0
ptg000038l	34501	34502	0.0	0.0	0.0	0.0
ptg000038l	34601	34602	0.0	0.0	0.0	0.0
ptg000038l	34701	34702	2.0	1.0	0.0	0.0
ptg000038l	34801	34802	2.0	1.0	0.0	0.0
ptg000038l	34901	34902	0.0	0.0	0.0	0.0
ptg000038l	35001	35002	0.0	0.0	0.0	0.0
ptg000038l	35101	35102	0.0	0.0	0.0	0.0
ptg000038l	35201	35202	0.0	0.0	0.0	0.0
ptg000038l	35301	35302	0.0	0.0	0.0	0.0
ptg000038l	35401	35402	0.0	0.0	0.0	0.0
ptg000038l	35501	35502	0.0	0.0	0.0	0.0
ptg000038l	35601	35602	0.0	0.0	0.0	0.0
ptg000038l	35701	35702	0.0	0.0	0.0	0.0
ptg000038l	35801	35802	1.0	0.0	0.0	0.0
ptg000038l	35901	35902	3.0	0.0	0.0	0.0
ptg000038l	36001	36002	4.0	0.0	2.0	0.0
ptg000038l	36101	36102	4.0	0.0	3.0	0.0
ptg000038l	36201	36202	2.0	1.0	1.0	0.0
ptg000038l	36301	36302	0.0	0.0	1.0	0.0
ptg000038l	36401	36402	0.0	0.0	0.0	0.0
ptg000038l	36501	36502	4.0	1.0	4.0	1.0
ptg000038l	36601	36602	4.0	1.0	4.0	2.0
ptg000038l	36701	36702	2.0	0.0	0.0	1.0
ptg000038l	36801	36802	1.0	0.0	0.0	0.0
ptg000038l	36901	36902	0.0	0.0	1.0	0.0
ptg000038l	37001	37002	0.0	0.0	0.0	0.0
ptg000038l	37101	37102	0.0	0.0	0.0	0.0
ptg000038l	37201	37202	0.0	0.0	0.0	2.0
ptg000038l	37301	37302	0.0	0.0	0.0	0.0
ptg000038l	37401	37402	0.0	0.0	0.0	0.0
ptg000038l	37501	37502	0.0	0.0	0.0	0.0
ptg000038l	37601	37602	0.0	0.0	0.0	0.0
ptg000038l	37701	37702	0.0	0.0	0.0	0.0
ptg000038l	37801	37802	7.0	11.0	5.0	6.0
ptg000038l	37901	37902	9.0	10.0	5.0	6.0
ptg000038l	38001	38002	7.0	10.0	6.0	5.0
ptg000038l	38101	38102	0.0	2.0	0.0	0.0
ptg000038l	38201	38202	3.0	5.0	0.0	2.0
ptg000038l	38301	38302	4.0	1.0	4.0	1.0
ptg000038l	38401	38402	5.0	1.0	5.0	2.0
ptg000038l	38501	38502	4.0	1.0	4.0	0.0
ptg000038l	38601	38602	0.0	0.0	0.0	0.0
ptg000038l	38701	38702	0.0	0.0	0.0	0.0
ptg000038l	38801	38802	1.0	0.0	0.0	0.0
ptg000038l	38901	38902	0.0	0.0	0.0	0.0
ptg000038l	39001	39002	0.0	0.0	0.0	0.0
ptg000038l	39101	39102	0.0	0.0	0.0	0.0
ptg000038l	39201	39202	0.0	0.0	0.0	0.0
ptg000038l	39301	39302	0.0	0.0	0.0	0.0
ptg000038l	39401	39402	0.0	0.0	0.0	0.0
ptg000038l	39501	39502	0.0	0.0	0.0	0.0
ptg000038l	39601	39602	0.0	0.0	0.0	0.0
ptg000038l	39701	39702	0.0	0.0	0.0	0.0
ptg000038l	39801	39802	0.0	0.0	0.0	0.0
ptg000038l	39901	39902	0.0	0.0	1.0	0.0
ptg000038l	40001	40002	0.0	0.0	0.0	0.0
ptg000038l	40101	40102	0.0	0.0	0.0	0.0
ptg000038l	40201	40202	0.0	0.0	0.0	0.0
ptg000038l	40301	40302	0.0	0.0	0.0	0.0
ptg000038l	40401	40402	0.0	0.0	0.0	0.0
ptg000038l	40501	40502	0.0	1.0	0.0	0.0
ptg000038l	40601	40602	0.0	1.0	0.0	0.0
ptg000038l	40701	40702	0.0	0.0	0.0	0.0
ptg000038l	40801	40802	0.0	0.0	0.0	0.0
ptg000038l	40901	40902	0.0	2.0	0.0	0.0
ptg000038l	41001	41002	0.0	0.0	1.0	0.0
ptg000038l	41101	41102	0.0	0.0	0.0	0.0
ptg000038l	41201	41202	0.0	0.0	0.0	0.0
ptg000038l	41301	41302	0.0	2.0	1.0	2.0
ptg000038l	41401	41402	0.0	0.0	0.0	0.0
ptg000038l	41501	41502	0.0	0.0	0.0	0.0
ptg000038l	41601	41602	0.0	0.0	0.0	0.0
ptg000038l	41701	41702	0.0	0.0	0.0	0.0
ptg000038l	41801	41802	2.0	2.0	5.0	1.0
ptg000038l	41901	41902	0.0	0.0	0.0	0.0
ptg000038l	42001	42002	0.0	1.0	0.0	0.0
ptg000038l	42101	42102	0.0	0.0	0.0	0.0
ptg000038l	42201	42202	0.0	0.0	0.0	0.0
ptg000038l	42301	42302	0.0	0.0	0.0	0.0
ptg000038l	42401	42402	5.0	6.0	8.0	8.0
ptg000038l	42501	42502	12.0	8.0	10.0	19.0
ptg000038l	42601	42602	23.0	23.0	16.0	27.0
ptg000038l	42701	42702	15.0	10.0	11.0	12.0
ptg000038l	42801	42802	4.0	6.0	6.0	4.0
ptg000038l	42901	42902	8.0	9.0	18.0	10.0
ptg000038l	43001	43002	0.0	0.0	0.0	0.0
ptg000038l	43101	43102	7.0	6.0	6.0	7.0
ptg000038l	43201	43202	15.0	11.0	12.0	18.0
ptg000038l	43301	43302	7.0	3.0	6.0	6.0
ptg000038l	43401	43402	0.0	0.0	0.0	0.0
ptg000038l	43501	43502	0.0	0.0	0.0	0.0
ptg000038l	43601	43602	0.0	0.0	2.0	0.0
ptg000038l	43701	43702	0.0	0.0	0.0	0.0
ptg000038l	43801	43802	0.0	1.0	0.0	0.0
ptg000038l	43901	43902	1.0	0.0	0.0	0.0
ptg000038l	44001	44002	0.0	0.0	0.0	0.0
ptg000038l	44101	44102	0.0	1.0	0.0	1.0
ptg000038l	44201	44202	0.0	0.0	0.0	0.0
ptg000038l	44301	44302	0.0	0.0	0.0	0.0
ptg000038l	44401	44402	0.0	1.0	0.0	0.0
ptg000038l	44501	44502	1.0	1.0	0.0	0.0
ptg000038l	44601	44602	1.0	3.0	0.0	0.0
ptg000038l	44701	44702	0.0	1.0	0.0	0.0
ptg000038l	44801	44802	0.0	0.0	0.0	0.0
ptg000038l	44901	44902	0.0	0.0	0.0	0.0
ptg000038l	45001	45002	0.0	0.0	0.0	0.0
ptg000038l	45101	45102	0.0	0.0	0.0	0.0
ptg000038l	45201	45202	0.0	0.0	0.0	0.0
ptg000038l	45301	45302	0.0	0.0	0.0	0.0
ptg000038l	45401	45402	0.0	0.0	0.0	0.0
ptg000038l	45501	45502	1.0	0.0	1.0	0.0
ptg000038l	45601	45602	3.0	1.0	1.0	0.0
ptg000038l	45701	45702	1.0	2.0	1.0	0.0
ptg000038l	45801	45802	0.0	1.0	0.0	0.0
ptg000038l	45901	45902	0.0	0.0	0.0	0.0
ptg000038l	46001	46002	3.0	0.0	2.0	0.0
ptg000038l	46101	46102	2.0	0.0	2.0	1.0
ptg000038l	46201	46202	1.0	0.0	2.0	1.0
ptg000038l	46301	46302	0.0	0.0	0.0	0.0
ptg000038l	46401	46402	0.0	0.0	0.0	0.0
ptg000038l	46501	46502	0.0	0.0	0.0	0.0
ptg000038l	46601	46602	0.0	0.0	0.0	0.0
ptg000038l	46701	46702	0.0	0.0	0.0	0.0
ptg000038l	46801	46802	0.0	0.0	0.0	0.0
ptg000038l	46901	46902	0.0	0.0	0.0	0.0
ptg000038l	47001	47002	0.0	0.0	0.0	0.0
ptg000038l	47101	47102	0.0	0.0	0.0	0.0
ptg000038l	47201	47202	0.0	0.0	0.0	0.0
ptg000038l	47301	47302	0.0	0.0	1.0	0.0
ptg000038l	47401	47402	2.0	1.0	3.0	1.0
ptg000038l	47501	47502	2.0	2.0	2.0	2.0
ptg000038l	47601	47602	0.0	3.0	2.0	0.0
ptg000038l	47701	47702	0.0	0.0	0.0	0.0
ptg000038l	47801	47802	0.0	0.0	0.0	0.0
ptg000038l	47901	47902	0.0	0.0	0.0	0.0
ptg000038l	48001	48002	0.0	0.0	0.0	1.0
ptg000038l	48101	48102	0.0	0.0	0.0	0.0
ptg000038l	48201	48202	0.0	0.0	0.0	0.0
ptg000038l	48301	48302	0.0	0.0	0.0	0.0
ptg000038l	48401	48402	0.0	0.0	0.0	0.0
ptg000038l	48501	48502	0.0	0.0	0.0	0.0
ptg000038l	48601	48602	0.0	0.0	0.0	0.0
ptg000038l	48701	48702	0.0	1.0	0.0	0.0
ptg000038l	48801	48802	0.0	0.0	0.0	0.0
ptg000038l	48901	48902	0.0	0.0	0.0	0.0
ptg000038l	49001	49002	0.0	0.0	0.0	0.0
ptg000038l	49101	49102	0.0	0.0	0.0	0.0
ptg000038l	49201	49202	0.0	0.0	0.0	0.0
ptg000038l	49301	49302	0.0	0.0	0.0	0.0
ptg000038l	49401	49402	0.0	0.0	0.0	0.0
ptg000038l	49501	49502	0.0	0.0	0.0	0.0
ptg000038l	49601	49602	0.0	0.0	0.0	0.0
ptg000038l	49701	49702	0.0	0.0	1.0	1.0
ptg000038l	49801	49802	0.0	0.0	0.0	0.0
ptg000038l	49901	49902	0.0	0.0	0.0	0.0
ptg000038l	50001	50002	0.0	0.0	0.0	0.0
ptg000038l	50101	50102	0.0	0.0	0.0	0.0
ptg000038l	50201	50202	0.0	0.0	0.0	0.0
ptg000038l	50301	50302	0.0	0.0	0.0	0.0
ptg000038l	50401	50402	0.0	0.0	0.0	0.0
ptg000038l	50501	50502	0.0	0.0	0.0	0.0
ptg000038l	50601	50602	1.0	3.0	0.0	3.0
ptg000038l	50701	50702	1.0	2.0	0.0	3.0
ptg000038l	50801	50802	0.0	0.0	2.0	0.0
ptg000038l	50901	50902	1.0	0.0	2.0	2.0
ptg000038l	51001	51002	1.0	1.0	4.0	4.0
ptg000038l	51101	51102	0.0	0.0	0.0	0.0
ptg000038l	51201	51202	0.0	0.0	0.0	0.0
ptg000038l	51301	51302	0.0	0.0	0.0	1.0
ptg000038l	51401	51402	22.0	20.0	31.0	18.0
ptg000038l	51501	51502	45.0	47.0	51.0	36.0
ptg000038l	51601	51602	1.0	1.0	1.0	2.0
ptg000038l	51701	51702	0.0	0.0	2.0	0.0
ptg000038l	51801	51802	2.0	0.0	5.0	0.0
ptg000038l	51901	51902	16.0	11.0	11.0	10.0
ptg000038l	52001	52002	0.0	0.0	0.0	0.0
ptg000038l	52101	52102	0.0	0.0	0.0	0.0
ptg000038l	52201	52202	3.0	4.0	5.0	8.0
ptg000038l	52301	52302	0.0	1.0	0.0	0.0
ptg000038l	52401	52402	1.0	0.0	1.0	0.0
ptg000038l	52501	52502	0.0	0.0	0.0	0.0
ptg000038l	52601	52602	0.0	0.0	0.0	0.0
ptg000038l	52701	52702	0.0	0.0	0.0	1.0
ptg000038l	52801	52802	1.0	1.0	0.0	0.0
ptg000038l	52901	52902	7.0	11.0	9.0	12.0
ptg000038l	53001	53002	28.0	30.0	22.0	32.0
ptg000038l	53101	53102	11.0	10.0	7.0	13.0
ptg000038l	53201	53202	0.0	0.0	0.0	0.0
ptg000038l	53301	53302	0.0	1.0	1.0	1.0
ptg000038l	53401	53402	0.0	0.0	0.0	0.0
ptg000038l	53501	53502	0.0	0.0	0.0	0.0
ptg000038l	53601	53602	0.0	0.0	0.0	0.0
ptg000038l	53701	53702	0.0	0.0	0.0	2.0
ptg000038l	53801	53802	0.0	0.0	0.0	3.0
ptg000038l	53901	53902	1.0	0.0	0.0	1.0
ptg000038l	54001	54002	0.0	3.0	0.0	4.0
ptg000038l	54101	54102	0.0	0.0	0.0	0.0
ptg000038l	54201	54202	1.0	1.0	2.0	2.0
ptg000038l	54301	54302	0.0	2.0	1.0	2.0
ptg000038l	54401	54402	0.0	2.0	0.0	3.0
ptg000038l	54501	54502	0.0	2.0	1.0	10.0
ptg000038l	54601	54602	1.0	6.0	1.0	10.0
ptg000038l	54701	54702	3.0	7.0	0.0	4.0
ptg000038l	54801	54802	1.0	6.0	2.0	7.0
ptg000038l	54901	54902	1.0	6.0	4.0	6.0
ptg000038l	55001	55002	5.0	6.0	3.0	10.0
ptg000038l	55101	55102	6.0	8.0	2.0	7.0
ptg000038l	55201	55202	4.0	8.0	2.0	14.0
ptg000038l	55301	55302	1.0	4.0	2.0	10.0
ptg000038l	55401	55402	1.0	4.0	0.0	2.0
ptg000038l	55501	55502	0.0	5.0	0.0	3.0
ptg000038l	55601	55602	0.0	3.0	1.0	5.0
ptg000038l	55701	55702	0.0	5.0	0.0	4.0
ptg000038l	55801	55802	0.0	3.0	0.0	2.0
ptg000038l	55901	55902	0.0	2.0	1.0	4.0
ptg000038l	56001	56002	0.0	4.0	0.0	2.0
ptg000038l	56101	56102	1.0	2.0	1.0	3.0
ptg000038l	56201	56202	1.0	1.0	2.0	6.0
ptg000038l	56301	56302	1.0	1.0	0.0	2.0
ptg000038l	56401	56402	2.0	5.0	0.0	7.0
ptg000038l	56501	56502	13.0	15.0	9.0	13.0
ptg000038l	56601	56602	16.0	11.0	12.0	11.0
ptg000038l	56701	56702	10.0	11.0	4.0	12.0
ptg000038l	56801	56802	8.0	9.0	4.0	11.0
ptg000038l	56901	56902	1.0	5.0	2.0	8.0
ptg000038l	57001	57002	2.0	2.0	0.0	0.0
ptg000038l	57101	57102	2.0	10.0	1.0	6.0
ptg000038l	57201	57202	1.0	6.0	1.0	6.0
ptg000038l	57301	57302	1.0	0.0	0.0	0.0
ptg000038l	57401	57402	0.0	0.0	0.0	0.0
ptg000038l	57501	57502	0.0	5.0	1.0	5.0
ptg000038l	57601	57602	8.0	16.0	1.0	19.0
ptg000038l	57701	57702	13.0	15.0	1.0	23.0
ptg000038l	57801	57802	8.0	21.0	2.0	26.0
ptg000038l	57901	57902	3.0	10.0	0.0	9.0
ptg000038l	58001	58002	0.0	1.0	0.0	0.0
ptg000038l	58101	58102	4.0	6.0	0.0	5.0
ptg000038l	58201	58202	5.0	5.0	0.0	6.0
ptg000038l	58301	58302	5.0	4.0	2.0	13.0
ptg000038l	58401	58402	5.0	15.0	11.0	31.0
ptg000038l	58501	58502	13.0	22.0	12.0	19.0
ptg000038l	58601	58602	15.0	9.0	12.0	8.0
ptg000038l	58701	58702	12.0	12.0	12.0	19.0
ptg000038l	58801	58802	15.0	17.0	17.0	31.0
ptg000038l	58901	58902	16.0	11.0	15.0	12.0
ptg000038l	59001	59002	16.0	18.0	14.0	7.0
ptg000038l	59101	59102	13.0	25.0	11.0	15.0
ptg000038l	59201	59202	2.0	8.0	2.0	3.0
ptg000038l	59301	59302	0.0	0.0	0.0	1.0
ptg000038l	59401	59402	0.0	1.0	0.0	3.0
ptg000038l	59501	59502	0.0	2.0	0.0	3.0
ptg000038l	59601	59602	0.0	2.0	0.0	0.0
ptg000038l	59701	59702	0.0	0.0	0.0	0.0
ptg000038l	59801	59802	1.0	0.0	0.0	0.0
ptg000038l	59901	59902	5.0	0.0	3.0	1.0
ptg000038l	60001	60002	2.0	0.0	3.0	0.0
ptg000038l	60101	60102	6.0	4.0	1.0	0.0
ptg000038l	60201	60202	5.0	3.0	2.0	1.0
ptg000038l	60301	60302	3.0	2.0	1.0	0.0
ptg000038l	60401	60402	1.0	0.0	0.0	1.0
ptg000038l	60501	60502	1.0	1.0	1.0	0.0
ptg000038l	60601	60602	7.0	2.0	2.0	11.0
ptg000038l	60701	60702	10.0	10.0	3.0	14.0
ptg000038l	60801	60802	8.0	15.0	6.0	11.0
ptg000038l	60901	60902	11.0	12.0	7.0	8.0
ptg000038l	61001	61002	2.0	0.0	1.0	3.0
ptg000038l	61101	61102	4.0	2.0	2.0	2.0
ptg000038l	61201	61202	1.0	0.0	1.0	3.0
ptg000038l	61301	61302	1.0	0.0	3.0	2.0
ptg000038l	61401	61402	4.0	0.0	3.0	0.0
ptg000038l	61501	61502	3.0	0.0	0.0	0.0
ptg000038l	61601	61602	0.0	0.0	0.0	0.0
ptg000038l	61701	61702	0.0	0.0	0.0	0.0
ptg000038l	61801	61802	0.0	0.0	0.0	0.0
ptg000038l	61901	61902	0.0	0.0	0.0	0.0
ptg000038l	62001	62002	0.0	0.0	0.0	0.0
ptg000038l	62101	62102	0.0	1.0	0.0	4.0
ptg000038l	62201	62202	0.0	0.0	0.0	0.0
ptg000038l	62301	62302	3.0	5.0	2.0	0.0
ptg000038l	62401	62402	0.0	0.0	0.0	0.0
ptg000038l	62501	62502	4.0	13.0	13.0	11.0
ptg000038l	62601	62602	6.0	13.0	7.0	12.0
ptg000038l	62701	62702	8.0	11.0	8.0	16.0
ptg000038l	62801	62802	5.0	8.0	10.0	19.0
ptg000038l	62901	62902	0.0	0.0	0.0	0.0
ptg000038l	63001	63002	0.0	0.0	0.0	0.0
ptg000038l	63101	63102	1.0	1.0	1.0	0.0
ptg000038l	63201	63202	2.0	0.0	0.0	0.0
ptg000038l	63301	63302	0.0	0.0	0.0	0.0
ptg000038l	63401	63402	0.0	0.0	0.0	1.0
ptg000038l	63501	63502	0.0	0.0	0.0	0.0
ptg000038l	63601	63602	0.0	1.0	0.0	0.0
ptg000038l	63701	63702	2.0	1.0	2.0	0.0
ptg000038l	63801	63802	2.0	4.0	5.0	0.0
ptg000038l	63901	63902	4.0	3.0	2.0	0.0
ptg000038l	64001	64002	1.0	0.0	0.0	0.0
ptg000038l	64101	64102	1.0	0.0	1.0	2.0
ptg000038l	64201	64202	1.0	1.0	3.0	0.0
ptg000038l	64301	64302	0.0	0.0	0.0	0.0
ptg000038l	64401	64402	0.0	0.0	0.0	0.0
ptg000038l	64501	64502	0.0	0.0	0.0	0.0
ptg000038l	64601	64602	0.0	0.0	0.0	0.0
ptg000038l	64701	64702	0.0	0.0	0.0	0.0
ptg000038l	64801	64802	0.0	0.0	0.0	0.0
ptg000038l	64901	64902	0.0	0.0	0.0	0.0
ptg000038l	65001	65002	1.0	0.0	1.0	0.0
ptg000038l	65101	65102	3.0	0.0	1.0	0.0
ptg000038l	65201	65202	3.0	0.0	1.0	0.0
ptg000038l	65301	65302	5.0	5.0	5.0	2.0
ptg000038l	65401	65402	2.0	4.0	4.0	0.0
ptg000038l	65501	65502	0.0	0.0	1.0	2.0
ptg000038l	65601	65602	7.0	4.0	4.0	3.0
ptg000038l	65701	65702	0.0	1.0	2.0	0.0
ptg000038l	65801	65802	1.0	1.0	1.0	0.0
ptg000038l	65901	65902	3.0	1.0	2.0	1.0
ptg000038l	66001	66002	1.0	0.0	1.0	0.0
ptg000038l	66101	66102	0.0	0.0	0.0	0.0
ptg000038l	66201	66202	0.0	0.0	0.0	0.0
ptg000038l	66301	66302	0.0	0.0	0.0	0.0
ptg000038l	66401	66402	0.0	0.0	0.0	0.0
ptg000038l	66501	66502	0.0	0.0	0.0	0.0
ptg000038l	66601	66602	0.0	0.0	0.0	0.0
ptg000038l	66701	66702	2.0	9.0	1.0	3.0
ptg000038l	66801	66802	8.0	14.0	2.0	7.0
ptg000038l	66901	66902	9.0	5.0	2.0	3.0
ptg000038l	67001	67002	4.0	1.0	1.0	0.0
ptg000038l	67101	67102	2.0	1.0	2.0	1.0
ptg000038l	67201	67202	7.0	5.0	1.0	1.0
ptg000038l	67301	67302	5.0	4.0	1.0	2.0
ptg000038l	67401	67402	3.0	2.0	2.0	4.0
ptg000038l	67501	67502	1.0	1.0	0.0	0.0
ptg000038l	67601	67602	0.0	0.0	0.0	0.0
ptg000038l	67701	67702	0.0	0.0	0.0	0.0
ptg000038l	67801	67802	0.0	0.0	0.0	0.0
ptg000038l	67901	67902	0.0	0.0	0.0	0.0
ptg000038l	68001	68002	0.0	0.0	0.0	0.0
ptg000038l	68101	68102	0.0	0.0	0.0	0.0
ptg000038l	68201	68202	0.0	0.0	0.0	0.0
ptg000038l	68301	68302	0.0	0.0	0.0	0.0
ptg000038l	68401	68402	0.0	0.0	0.0	0.0
ptg000038l	68501	68502	2.0	2.0	1.0	0.0
ptg000038l	68601	68602	3.0	2.0	2.0	1.0
ptg000038l	68701	68702	2.0	0.0	0.0	0.0
ptg000038l	68801	68802	0.0	0.0	0.0	0.0
ptg000038l	68901	68902	0.0	1.0	0.0	0.0
ptg000038l	69001	69002	0.0	0.0	1.0	0.0
ptg000038l	69101	69102	0.0	0.0	0.0	0.0
ptg000038l	69201	69202	0.0	0.0	0.0	0.0
ptg000038l	69301	69302	0.0	0.0	0.0	0.0
ptg000038l	69401	69402	0.0	0.0	0.0	0.0
ptg000038l	69501	69502	0.0	0.0	0.0	0.0
ptg000038l	69601	69602	0.0	0.0	0.0	0.0
ptg000038l	69701	69702	0.0	0.0	0.0	0.0
ptg000038l	69801	69802	0.0	0.0	0.0	0.0
ptg000038l	69901	69902	0.0	0.0	0.0	0.0
ptg000038l	70001	70002	0.0	0.0	0.0	0.0
ptg000038l	70101	70102	24.0	12.0	20.0	16.0
ptg000038l	70201	70202	21.0	15.0	13.0	15.0
ptg000038l	70301	70302	5.0	7.0	1.0	3.0
ptg000038l	70401	70402	0.0	0.0	0.0	0.0
ptg000038l	70501	70502	0.0	0.0	0.0	0.0
ptg000038l	70601	70602	0.0	0.0	0.0	0.0
ptg000038l	70701	70702	0.0	0.0	0.0	0.0
ptg000038l	70801	70802	0.0	0.0	0.0	0.0
ptg000038l	70901	70902	1.0	0.0	0.0	0.0
ptg000038l	71001	71002	2.0	5.0	1.0	0.0
ptg000038l	71101	71102	4.0	3.0	2.0	1.0
ptg000038l	71201	71202	1.0	5.0	0.0	1.0
ptg000038l	71301	71302	0.0	1.0	0.0	1.0
ptg000038l	71401	71402	0.0	2.0	0.0	0.0
ptg000038l	71501	71502	0.0	0.0	0.0	0.0
ptg000038l	71601	71602	0.0	0.0	0.0	1.0
ptg000038l	71701	71702	0.0	0.0	0.0	0.0
ptg000038l	71801	71802	0.0	0.0	2.0	1.0
ptg000038l	71901	71902	1.0	0.0	1.0	1.0
ptg000038l	72001	72002	0.0	0.0	2.0	2.0
ptg000038l	72101	72102	3.0	1.0	1.0	2.0
ptg000038l	72201	72202	1.0	0.0	0.0	1.0
ptg000038l	72301	72302	0.0	0.0	0.0	2.0
ptg000038l	72401	72402	1.0	1.0	0.0	2.0
ptg000038l	72501	72502	1.0	1.0	1.0	0.0
ptg000038l	72601	72602	1.0	1.0	2.0	0.0
ptg000038l	72701	72702	0.0	0.0	1.0	0.0
ptg000038l	72801	72802	0.0	0.0	0.0	1.0
ptg000038l	72901	72902	1.0	0.0	3.0	1.0
ptg000038l	73001	73002	2.0	2.0	2.0	1.0
ptg000038l	73101	73102	3.0	2.0	2.0	0.0
ptg000038l	73201	73202	1.0	1.0	0.0	1.0
ptg000038l	73301	73302	3.0	1.0	2.0	0.0
ptg000038l	73401	73402	4.0	1.0	4.0	0.0
ptg000038l	73501	73502	2.0	2.0	4.0	1.0
ptg000038l	73601	73602	7.0	2.0	4.0	1.0
ptg000038l	73701	73702	6.0	3.0	4.0	0.0
ptg000038l	73801	73802	1.0	0.0	1.0	0.0
ptg000038l	73901	73902	0.0	0.0	1.0	0.0
ptg000038l	74001	74002	0.0	0.0	0.0	1.0
ptg000038l	74101	74102	0.0	0.0	0.0	1.0
ptg000038l	74201	74202	0.0	0.0	0.0	0.0
ptg000038l	74301	74302	0.0	0.0	0.0	0.0
ptg000038l	74401	74402	0.0	2.0	2.0	0.0
ptg000038l	74501	74502	0.0	0.0	1.0	1.0
ptg000038l	74601	74602	0.0	1.0	1.0	1.0
ptg000038l	74701	74702	0.0	1.0	0.0	0.0
ptg000038l	74801	74802	0.0	0.0	0.0	0.0
ptg000038l	74901	74902	8.0	2.0	6.0	4.0
ptg000038l	75001	75002	4.0	1.0	3.0	4.0
ptg000038l	75101	75102	0.0	0.0	0.0	0.0
ptg000038l	75201	75202	0.0	0.0	0.0	1.0
ptg000038l	75301	75302	12.0	8.0	14.0	11.0
ptg000038l	75401	75402	72.0	76.0	88.0	131.0
ptg000038l	75501	75502	85.0	103.0	76.0	154.0
ptg000038l	75601	75602	34.0	39.0	28.0	73.0
ptg000038l	75701	75702	37.0	47.0	47.0	79.0
ptg000038l	75801	75802	3.0	1.0	3.0	1.0
ptg000038l	75901	75902	1.0	0.0	1.0	0.0
ptg000038l	76001	76002	8.0	7.0	11.0	3.0
ptg000038l	76101	76102	11.0	9.0	11.0	2.0
ptg000038l	76201	76202	21.0	11.0	22.0	8.0
ptg000038l	76301	76302	18.0	10.0	14.0	13.0
ptg000038l	76401	76402	0.0	3.0	3.0	0.0
ptg000038l	76501	76502	13.0	6.0	13.0	12.0
ptg000038l	76601	76602	10.0	3.0	20.0	11.0
ptg000038l	76701	76702	10.0	5.0	14.0	7.0
ptg000038l	76801	76802	4.0	2.0	3.0	2.0
ptg000038l	76901	76902	1.0	3.0	3.0	1.0
ptg000038l	77001	77002	0.0	0.0	2.0	1.0
ptg000038l	77101	77102	0.0	0.0	2.0	1.0
ptg000038l	77201	77202	3.0	1.0	2.0	1.0
ptg000038l	77301	77302	0.0	0.0	1.0	1.0
ptg000038l	77401	77402	0.0	0.0	0.0	0.0
ptg000038l	77501	77502	2.0	3.0	7.0	5.0
ptg000038l	77601	77602	4.0	8.0	9.0	14.0
ptg000038l	77701	77702	6.0	6.0	13.0	13.0
ptg000038l	77801	77802	2.0	3.0	5.0	6.0
ptg000038l	77901	77902	0.0	0.0	0.0	1.0
ptg000038l	78001	78002	5.0	5.0	4.0	2.0
ptg000038l	78101	78102	5.0	4.0	3.0	1.0
ptg000038l	78201	78202	0.0	0.0	2.0	2.0
ptg000038l	78301	78302	1.0	2.0	1.0	2.0
ptg000038l	78401	78402	4.0	4.0	7.0	6.0
ptg000038l	78501	78502	7.0	3.0	10.0	6.0
ptg000038l	78601	78602	6.0	5.0	8.0	0.0
ptg000038l	78701	78702	1.0	0.0	1.0	0.0
ptg000038l	78801	78802	5.0	0.0	1.0	0.0
ptg000038l	78901	78902	11.0	4.0	9.0	0.0
ptg000038l	79001	79002	9.0	4.0	9.0	5.0
ptg000038l	79101	79102	15.0	4.0	9.0	4.0
ptg000038l	79201	79202	4.0	2.0	6.0	0.0
ptg000038l	79301	79302	2.0	0.0	3.0	3.0
ptg000038l	79401	79402	2.0	0.0	3.0	3.0
ptg000038l	79501	79502	0.0	0.0	1.0	2.0
ptg000038l	79601	79602	5.0	0.0	3.0	8.0
ptg000038l	79701	79702	2.0	0.0	4.0	1.0
ptg000038l	79801	79802	4.0	1.0	3.0	0.0
ptg000038l	79901	79902	1.0	1.0	2.0	0.0
ptg000038l	80001	80002	1.0	0.0	1.0	1.0
ptg000038l	80101	80102	3.0	0.0	7.0	2.0
ptg000038l	80201	80202	6.0	5.0	5.0	3.0
ptg000038l	80301	80302	3.0	8.0	3.0	0.0
ptg000038l	80401	80402	1.0	0.0	0.0	0.0
ptg000038l	80501	80502	0.0	0.0	0.0	0.0
ptg000038l	80601	80602	47.0	29.0	50.0	37.0
ptg000038l	80701	80702	41.0	25.0	35.0	36.0
ptg000038l	80801	80802	40.0	24.0	37.0	33.0
ptg000038l	80901	80902	33.0	29.0	28.0	25.0
ptg000038l	81001	81002	21.0	16.0	16.0	16.0
ptg000038l	81101	81102	6.0	8.0	12.0	5.0
ptg000038l	81201	81202	0.0	0.0	1.0	0.0
ptg000038l	81301	81302	15.0	13.0	25.0	14.0
ptg000038l	81401	81402	27.0	17.0	25.0	23.0
ptg000038l	81501	81502	21.0	18.0	32.0	20.0
ptg000038l	81601	81602	23.0	23.0	27.0	16.0
ptg000038l	81701	81702	19.0	26.0	35.0	20.0
ptg000038l	81801	81802	23.0	28.0	37.0	23.0
ptg000038l	81901	81902	33.0	26.0	37.0	28.0
ptg000038l	82001	82002	26.0	25.0	39.0	36.0
ptg000038l	82101	82102	24.0	23.0	35.0	27.0
ptg000038l	82201	82202	25.0	27.0	26.0	28.0
ptg000038l	82301	82302	35.0	35.0	30.0	33.0
ptg000038l	82401	82402	40.0	26.0	31.0	33.0
ptg000038l	82501	82502	35.0	32.0	40.0	23.0
ptg000038l	82601	82602	39.0	35.0	51.0	30.0
ptg000038l	82701	82702	35.0	21.0	35.0	41.0
ptg000038l	82801	82802	35.0	20.0	43.0	43.0
ptg000038l	82901	82902	39.0	25.0	51.0	39.0
ptg000038l	83001	83002	40.0	23.0	43.0	49.0
ptg000038l	83101	83102	29.0	29.0	26.0	37.0
ptg000038l	83201	83202	28.0	33.0	29.0	41.0
ptg000038l	83301	83302	37.0	33.0	32.0	48.0
ptg000038l	83401	83402	32.0	24.0	31.0	27.0
ptg000038l	83501	83502	26.0	29.0	24.0	21.0
ptg000038l	83601	83602	21.0	33.0	29.0	32.0
ptg000038l	83701	83702	24.0	33.0	36.0	28.0
ptg000038l	83801	83802	18.0	29.0	23.0	28.0
ptg000038l	83901	83902	16.0	29.0	36.0	30.0
ptg000038l	84001	84002	13.0	26.0	22.0	24.0
ptg000038l	84101	84102	13.0	14.0	12.0	16.0
ptg000038l	84201	84202	23.0	27.0	24.0	25.0
ptg000038l	84301	84302	20.0	24.0	18.0	16.0
ptg000038l	84401	84402	9.0	8.0	4.0	2.0
ptg000038l	84501	84502	3.0	5.0	10.0	6.0
ptg000038l	84601	84602	15.0	13.0	26.0	13.0
ptg000038l	84701	84702	17.0	18.0	22.0	21.0
ptg000038l	84801	84802	17.0	23.0	23.0	19.0
ptg000038l	84901	84902	7.0	8.0	9.0	6.0
ptg000038l	85001	85002	4.0	1.0	1.0	4.0
ptg000038l	85101	85102	13.0	10.0	10.0	8.0
ptg000038l	85201	85202	13.0	7.0	14.0	13.0
ptg000038l	85301	85302	13.0	12.0	14.0	19.0
ptg000038l	85401	85402	19.0	9.0	14.0	10.0
ptg000038l	85501	85502	13.0	7.0	11.0	10.0
ptg000038l	85601	85602	10.0	11.0	13.0	8.0
ptg000038l	85701	85702	19.0	14.0	28.0	7.0
ptg000038l	85801	85802	11.0	7.0	11.0	8.0
ptg000038l	85901	85902	2.0	4.0	7.0	5.0
ptg000038l	86001	86002	20.0	22.0	27.0	19.0
ptg000038l	86101	86102	19.0	23.0	16.0	18.0
ptg000038l	86201	86202	7.0	8.0	8.0	7.0
ptg000038l	86301	86302	0.0	0.0	0.0	0.0
ptg000038l	86401	86402	0.0	0.0	0.0	0.0
ptg000038l	86501	86502	0.0	0.0	0.0	0.0
ptg000038l	86601	86602	0.0	0.0	1.0	0.0
ptg000038l	86701	86702	0.0	0.0	1.0	0.0
ptg000038l	86801	86802	0.0	0.0	0.0	0.0
ptg000038l	86901	86902	0.0	0.0	0.0	0.0
ptg000038l	87001	87002	0.0	0.0	0.0	0.0
ptg000038l	87101	87102	0.0	2.0	0.0	0.0
ptg000038l	87201	87202	0.0	0.0	0.0	0.0
ptg000038l	87301	87302	0.0	1.0	0.0	0.0
ptg000038l	87401	87402	0.0	1.0	0.0	0.0
ptg000038l	87501	87502	0.0	1.0	0.0	0.0
ptg000038l	87601	87602	0.0	0.0	0.0	0.0
ptg000038l	87701	87702	0.0	0.0	0.0	0.0
ptg000038l	87801	87802	0.0	0.0	0.0	0.0
ptg000038l	87901	87902	1.0	0.0	0.0	0.0
ptg000038l	88001	88002	0.0	0.0	3.0	0.0
ptg000038l	88101	88102	0.0	0.0	0.0	0.0
ptg000038l	88201	88202	5.0	8.0	6.0	3.0
ptg000038l	88301	88302	11.0	11.0	9.0	13.0
ptg000038l	88401	88402	3.0	2.0	2.0	5.0
ptg000038l	88501	88502	8.0	12.0	12.0	12.0
ptg000038l	88601	88602	3.0	6.0	4.0	3.0
ptg000038l	88701	88702	0.0	0.0	0.0	0.0
ptg000038l	88801	88802	0.0	0.0	0.0	0.0
ptg000038l	88901	88902	0.0	0.0	0.0	0.0
ptg000038l	89001	89002	0.0	0.0	0.0	1.0
ptg000038l	89101	89102	1.0	2.0	2.0	6.0
ptg000038l	89201	89202	7.0	8.0	5.0	16.0
ptg000038l	89301	89302	40.0	45.0	36.0	64.0
ptg000038l	89401	89402	70.0	75.0	71.0	111.0
ptg000038l	89501	89502	65.0	68.0	61.0	93.0
ptg000038l	89601	89602	37.0	31.0	41.0	45.0
ptg000038l	89701	89702	8.0	7.0	16.0	7.0
ptg000038l	89801	89802	0.0	0.0	0.0	1.0
ptg000038l	89901	89902	2.0	1.0	0.0	1.0
ptg000038l	90001	90002	0.0	2.0	0.0	2.0
ptg000038l	90101	90102	0.0	0.0	0.0	0.0
ptg000038l	90201	90202	0.0	0.0	1.0	0.0
ptg000038l	90301	90302	0.0	0.0	0.0	0.0
ptg000038l	90401	90402	0.0	0.0	0.0	0.0
ptg000038l	90501	90502	0.0	1.0	0.0	0.0
ptg000038l	90601	90602	0.0	1.0	0.0	0.0
ptg000038l	90701	90702	0.0	0.0	0.0	0.0
ptg000038l	90801	90802	0.0	0.0	0.0	0.0
ptg000038l	90901	90902	0.0	0.0	0.0	0.0
ptg000038l	91001	91002	0.0	0.0	0.0	0.0
ptg000038l	91101	91102	0.0	0.0	0.0	0.0
ptg000038l	91201	91202	0.0	0.0	0.0	0.0
ptg000038l	91301	91302	0.0	0.0	0.0	0.0
ptg000038l	91401	91402	0.0	0.0	0.0	0.0
ptg000038l	91501	91502	0.0	0.0	0.0	0.0
ptg000038l	91601	91602	0.0	0.0	0.0	0.0
ptg000038l	91701	91702	0.0	0.0	0.0	0.0
ptg000038l	91801	91802	0.0	0.0	0.0	0.0
ptg000038l	91901	91902	0.0	0.0	0.0	0.0
ptg000038l	92001	92002	1.0	0.0	0.0	0.0
ptg000038l	92101	92102	1.0	0.0	0.0	0.0
ptg000038l	92201	92202	3.0	3.0	1.0	2.0
ptg000038l	92301	92302	2.0	0.0	0.0	1.0
ptg000038l	92401	92402	5.0	1.0	9.0	1.0
ptg000038l	92501	92502	3.0	1.0	8.0	3.0
ptg000038l	92601	92602	5.0	3.0	5.0	6.0
ptg000038l	92701	92702	7.0	5.0	7.0	6.0
ptg000038l	92801	92802	5.0	4.0	6.0	5.0
ptg000038l	92901	92902	5.0	2.0	5.0	1.0
ptg000038l	93001	93002	8.0	3.0	4.0	1.0
ptg000038l	93101	93102	7.0	2.0	2.0	4.0
ptg000038l	93201	93202	0.0	0.0	0.0	0.0
ptg000038l	93301	93302	1.0	1.0	0.0	0.0
ptg000038l	93401	93402	1.0	0.0	3.0	3.0
ptg000038l	93501	93502	0.0	0.0	2.0	3.0
ptg000038l	93601	93602	1.0	0.0	2.0	2.0
ptg000038l	93701	93702	2.0	2.0	1.0	3.0
ptg000038l	93801	93802	1.0	0.0	0.0	0.0
ptg000038l	93901	93902	4.0	0.0	0.0	1.0
ptg000038l	94001	94002	1.0	0.0	0.0	0.0
ptg000038l	94101	94102	1.0	2.0	3.0	0.0
ptg000038l	94201	94202	5.0	4.0	1.0	2.0
ptg000038l	94301	94302	5.0	6.0	10.0	4.0
ptg000038l	94401	94402	4.0	7.0	7.0	4.0
ptg000038l	94501	94502	5.0	7.0	7.0	3.0
ptg000038l	94601	94602	4.0	4.0	6.0	4.0
ptg000038l	94701	94702	3.0	4.0	4.0	7.0
ptg000038l	94801	94802	4.0	3.0	3.0	7.0
ptg000038l	94901	94902	0.0	2.0	1.0	3.0
ptg000038l	95001	95002	1.0	2.0	2.0	4.0
ptg000038l	95101	95102	2.0	8.0	5.0	6.0
ptg000038l	95201	95202	3.0	5.0	4.0	2.0
ptg000038l	95301	95302	0.0	3.0	4.0	2.0
ptg000038l	95401	95402	0.0	4.0	4.0	1.0
ptg000038l	95501	95502	2.0	2.0	8.0	3.0
ptg000038l	95601	95602	2.0	1.0	2.0	3.0
ptg000038l	95701	95702	1.0	0.0	3.0	6.0
ptg000038l	95801	95802	3.0	2.0	4.0	3.0
ptg000038l	95901	95902	3.0	1.0	3.0	5.0
ptg000038l	96001	96002	0.0	1.0	2.0	4.0
ptg000038l	96101	96102	0.0	0.0	1.0	4.0
ptg000038l	96201	96202	0.0	0.0	0.0	0.0
ptg000038l	96301	96302	0.0	0.0	0.0	0.0
ptg000038l	96401	96402	0.0	0.0	0.0	0.0
ptg000038l	96501	96502	0.0	0.0	0.0	0.0
ptg000038l	96601	96602	3.0	0.0	2.0	0.0
ptg000038l	96701	96702	4.0	0.0	2.0	0.0
ptg000038l	96801	96802	2.0	0.0	1.0	0.0
ptg000038l	96901	96902	4.0	0.0	5.0	0.0
ptg000038l	97001	97002	0.0	0.0	0.0	0.0
ptg000038l	97101	97102	1.0	3.0	1.0	1.0
ptg000038l	97201	97202	1.0	5.0	6.0	1.0
ptg000038l	97301	97302	1.0	5.0	4.0	1.0
ptg000038l	97401	97402	0.0	0.0	0.0	0.0
ptg000038l	97501	97502	0.0	0.0	0.0	0.0
ptg000038l	97601	97602	0.0	1.0	0.0	0.0
ptg000038l	97701	97702	0.0	1.0	0.0	0.0
ptg000038l	97801	97802	0.0	0.0	0.0	0.0
ptg000038l	97901	97902	2.0	0.0	1.0	1.0
ptg000038l	98001	98002	1.0	0.0	1.0	3.0
ptg000038l	98101	98102	0.0	0.0	0.0	0.0
ptg000038l	98201	98202	0.0	0.0	2.0	1.0
ptg000038l	98301	98302	0.0	0.0	0.0	0.0
ptg000038l	98401	98402	0.0	0.0	0.0	0.0
ptg000038l	98501	98502	0.0	0.0	0.0	0.0
ptg000038l	98601	98602	3.0	3.0	7.0	6.0
ptg000038l	98701	98702	11.0	4.0	15.0	19.0
ptg000038l	98801	98802	5.0	2.0	4.0	6.0
ptg000038l	98901	98902	2.0	3.0	4.0	2.0
ptg000038l	99001	99002	18.0	6.0	7.0	4.0
ptg000038l	99101	99102	2.0	2.0	2.0	1.0
ptg000038l	99201	99202	1.0	0.0	0.0	0.0
ptg000038l	99301	99302	0.0	0.0	0.0	0.0
ptg000038l	99401	99402	0.0	0.0	0.0	0.0
ptg000038l	99501	99502	0.0	0.0	0.0	0.0
ptg000038l	99601	99602	2.0	1.0	0.0	0.0
ptg000038l	99701	99702	5.0	13.0	11.0	6.0
ptg000038l	99801	99802	68.0	66.0	51.0	52.0
ptg000038l	99901	99902	129.0	115.0	92.0	78.0
ptg000038l	100001	100002	36.0	29.0	29.0	25.0
ptg000038l	100101	100102	95.0	81.0	72.0	65.0
ptg000038l	100201	100202	45.0	38.0	30.0	32.0
ptg000038l	100301	100302	4.0	3.0	2.0	1.0
ptg000038l	100401	100402	21.0	10.0	15.0	9.0
ptg000038l	100501	100502	12.0	8.0	8.0	5.0
ptg000038l	100601	100602	11.0	7.0	7.0	1.0
ptg000038l	100701	100702	7.0	2.0	5.0	1.0
ptg000038l	100801	100802	27.0	21.0	27.0	19.0
ptg000038l	100901	100902	0.0	0.0	0.0	0.0
ptg000038l	101001	101002	0.0	0.0	0.0	0.0
ptg000038l	101101	101102	0.0	0.0	0.0	0.0
ptg000038l	101201	101202	0.0	0.0	0.0	0.0
ptg000038l	101301	101302	0.0	0.0	0.0	0.0
ptg000038l	101401	101402	0.0	0.0	1.0	0.0
ptg000038l	101501	101502	0.0	0.0	0.0	0.0
ptg000038l	101601	101602	0.0	0.0	0.0	0.0
ptg000038l	101701	101702	2.0	1.0	4.0	0.0
ptg000038l	101801	101802	2.0	1.0	1.0	0.0
ptg000038l	101901	101902	0.0	0.0	0.0	0.0
ptg000038l	102001	102002	0.0	0.0	0.0	0.0
ptg000038l	102101	102102	1.0	1.0	2.0	2.0
ptg000038l	102201	102202	1.0	1.0	0.0	0.0
ptg000038l	102301	102302	0.0	0.0	0.0	0.0
ptg000038l	102401	102402	0.0	0.0	0.0	0.0
ptg000038l	102501	102502	0.0	1.0	1.0	1.0
ptg000038l	102601	102602	3.0	1.0	1.0	0.0
ptg000038l	102701	102702	0.0	0.0	0.0	0.0
ptg000038l	102801	102802	0.0	0.0	0.0	1.0
ptg000038l	102901	102902	0.0	0.0	0.0	0.0
ptg000038l	103001	103002	0.0	1.0	0.0	0.0
ptg000038l	103101	103102	0.0	0.0	0.0	0.0
ptg000038l	103201	103202	2.0	2.0	3.0	2.0
ptg000038l	103301	103302	1.0	1.0	0.0	2.0
ptg000038l	103401	103402	4.0	3.0	1.0	0.0
ptg000038l	103501	103502	3.0	5.0	4.0	1.0
ptg000038l	103601	103602	2.0	2.0	1.0	1.0
ptg000038l	103701	103702	0.0	2.0	1.0	1.0
ptg000038l	103801	103802	1.0	5.0	6.0	7.0
ptg000038l	103901	103902	2.0	6.0	8.0	6.0
ptg000038l	104001	104002	8.0	9.0	17.0	6.0
ptg000038l	104101	104102	14.0	6.0	15.0	11.0
ptg000038l	104201	104202	17.0	10.0	12.0	12.0
ptg000038l	104301	104302	14.0	13.0	9.0	10.0
ptg000038l	104401	104402	12.0	9.0	9.0	10.0
ptg000038l	104501	104502	7.0	5.0	9.0	6.0
ptg000038l	104601	104602	10.0	14.0	7.0	9.0
ptg000038l	104701	104702	20.0	11.0	10.0	10.0
ptg000038l	104801	104802	16.0	8.0	11.0	11.0
ptg000038l	104901	104902	5.0	12.0	9.0	11.0
ptg000038l	105001	105002	9.0	9.0	8.0	6.0
ptg000038l	105101	105102	3.0	5.0	6.0	1.0
ptg000038l	105201	105202	0.0	0.0	0.0	0.0
ptg000038l	105301	105302	0.0	0.0	0.0	0.0
ptg000038l	105401	105402	0.0	0.0	0.0	0.0
ptg000038l	105501	105502	5.0	6.0	3.0	2.0
ptg000038l	105601	105602	12.0	14.0	15.0	3.0
ptg000038l	105701	105702	15.0	15.0	12.0	7.0
ptg000038l	105801	105802	10.0	13.0	12.0	9.0
ptg000038l	105901	105902	4.0	3.0	5.0	3.0
ptg000038l	106001	106002	0.0	0.0	0.0	1.0
ptg000038l	106101	106102	2.0	0.0	0.0	1.0
ptg000038l	106201	106202	2.0	3.0	0.0	1.0
ptg000038l	106301	106302	0.0	0.0	0.0	0.0
ptg000038l	106401	106402	0.0	0.0	0.0	0.0
ptg000038l	106501	106502	0.0	1.0	0.0	2.0
ptg000038l	106601	106602	0.0	0.0	0.0	1.0
ptg000038l	106701	106702	0.0	0.0	0.0	0.0
ptg000038l	106801	106802	0.0	0.0	0.0	1.0
ptg000038l	106901	106902	1.0	0.0	0.0	0.0
ptg000038l	107001	107002	0.0	0.0	0.0	0.0
ptg000038l	107101	107102	0.0	0.0	0.0	0.0
ptg000038l	107201	107202	0.0	0.0	0.0	0.0
ptg000038l	107301	107302	5.0	1.0	1.0	6.0
ptg000038l	107401	107402	0.0	0.0	0.0	0.0
ptg000038l	107501	107502	0.0	0.0	0.0	0.0
ptg000038l	107601	107602	0.0	0.0	0.0	0.0
ptg000038l	107701	107702	0.0	0.0	0.0	0.0
ptg000038l	107801	107802	0.0	0.0	0.0	0.0
ptg000038l	107901	107902	0.0	0.0	0.0	0.0
ptg000038l	108001	108002	0.0	0.0	0.0	0.0
ptg000038l	108101	108102	0.0	0.0	0.0	0.0
ptg000038l	108201	108202	0.0	0.0	0.0	0.0
ptg000038l	108301	108302	0.0	0.0	0.0	0.0
ptg000038l	108401	108402	0.0	0.0	0.0	0.0
ptg000038l	108501	108502	0.0	0.0	0.0	1.0
ptg000038l	108601	108602	0.0	0.0	0.0	0.0
ptg000038l	108701	108702	1.0	1.0	1.0	0.0
ptg000038l	108801	108802	3.0	1.0	4.0	4.0
ptg000038l	108901	108902	3.0	0.0	4.0	0.0
ptg000038l	109001	109002	1.0	0.0	1.0	0.0
ptg000038l	109101	109102	2.0	1.0	2.0	1.0
ptg000038l	109201	109202	4.0	1.0	2.0	1.0
ptg000038l	109301	109302	0.0	0.0	0.0	0.0
ptg000038l	109401	109402	0.0	0.0	0.0	0.0
ptg000038l	109501	109502	0.0	0.0	0.0	0.0
ptg000038l	109601	109602	0.0	0.0	0.0	0.0
ptg000038l	109701	109702	0.0	0.0	0.0	0.0
ptg000038l	109801	109802	0.0	0.0	1.0	0.0
ptg000038l	109901	109902	0.0	0.0	0.0	0.0
ptg000038l	110001	110002	0.0	0.0	0.0	0.0
ptg000038l	110101	110102	0.0	0.0	0.0	0.0
ptg000038l	110201	110202	0.0	0.0	0.0	0.0
ptg000038l	110301	110302	0.0	0.0	0.0	0.0
ptg000038l	110401	110402	0.0	0.0	0.0	0.0
ptg000038l	110501	110502	0.0	0.0	0.0	0.0
ptg000038l	110601	110602	0.0	0.0	1.0	0.0
ptg000038l	110701	110702	0.0	0.0	0.0	0.0
ptg000038l	110801	110802	0.0	0.0	0.0	0.0
ptg000038l	110901	110902	0.0	0.0	1.0	0.0
ptg000038l	111001	111002	0.0	0.0	0.0	0.0
ptg000038l	111101	111102	1.0	0.0	0.0	0.0
ptg000038l	111201	111202	0.0	0.0	0.0	0.0
ptg000038l	111301	111302	0.0	0.0	0.0	0.0
ptg000038l	111401	111402	1.0	0.0	0.0	0.0
ptg000038l	111501	111502	0.0	0.0	0.0	0.0
ptg000038l	111601	111602	0.0	0.0	0.0	0.0
ptg000038l	111701	111702	0.0	0.0	0.0	0.0
ptg000038l	111801	111802	0.0	0.0	0.0	0.0
ptg000038l	111901	111902	0.0	0.0	0.0	0.0
ptg000038l	112001	112002	0.0	0.0	0.0	0.0
ptg000038l	112101	112102	0.0	1.0	0.0	1.0
ptg000038l	112201	112202	0.0	0.0	0.0	0.0
ptg000038l	112301	112302	0.0	0.0	0.0	0.0
ptg000038l	112401	112402	0.0	0.0	0.0	0.0
ptg000038l	112501	112502	0.0	0.0	0.0	0.0
ptg000038l	112601	112602	1.0	0.0	0.0	0.0
ptg000038l	112701	112702	0.0	0.0	0.0	0.0
ptg000038l	112801	112802	0.0	0.0	0.0	0.0
ptg000038l	112901	112902	0.0	0.0	3.0	0.0
ptg000038l	113001	113002	0.0	0.0	0.0	0.0
ptg000038l	113101	113102	0.0	0.0	0.0	0.0
ptg000038l	113201	113202	0.0	0.0	0.0	0.0
ptg000038l	113301	113302	0.0	3.0	3.0	1.0
ptg000038l	113401	113402	0.0	4.0	4.0	3.0
ptg000038l	113501	113502	1.0	4.0	4.0	3.0
ptg000038l	113601	113602	3.0	2.0	2.0	1.0
ptg000038l	113701	113702	2.0	1.0	0.0	0.0
ptg000038l	113801	113802	4.0	2.0	4.0	0.0
ptg000038l	113901	113902	2.0	1.0	0.0	0.0
ptg000038l	114001	114002	0.0	0.0	0.0	0.0
ptg000038l	114101	114102	0.0	1.0	0.0	0.0
ptg000038l	114201	114202	1.0	1.0	1.0	0.0
ptg000038l	114301	114302	1.0	0.0	1.0	0.0
ptg000038l	114401	114402	0.0	0.0	0.0	0.0
ptg000038l	114501	114502	1.0	1.0	2.0	0.0
ptg000038l	114601	114602	1.0	1.0	0.0	1.0
ptg000038l	114701	114702	3.0	0.0	3.0	1.0
ptg000038l	114801	114802	4.0	0.0	1.0	0.0
ptg000038l	114901	114902	1.0	0.0	1.0	1.0
ptg000038l	115001	115002	0.0	0.0	4.0	1.0
ptg000038l	115101	115102	0.0	0.0	0.0	0.0
ptg000038l	115201	115202	0.0	2.0	0.0	1.0
ptg000038l	115301	115302	1.0	4.0	2.0	1.0
ptg000038l	115401	115402	0.0	0.0	2.0	1.0
ptg000038l	115501	115502	0.0	1.0	3.0	2.0
ptg000038l	115601	115602	2.0	6.0	5.0	0.0
ptg000038l	115701	115702	4.0	2.0	5.0	1.0
ptg000038l	115801	115802	2.0	3.0	10.0	7.0
ptg000038l	115901	115902	2.0	5.0	7.0	8.0
ptg000038l	116001	116002	6.0	2.0	5.0	3.0
ptg000038l	116101	116102	6.0	3.0	4.0	3.0
ptg000038l	116201	116202	3.0	1.0	2.0	2.0
ptg000038l	116301	116302	4.0	1.0	7.0	2.0
ptg000038l	116401	116402	2.0	0.0	4.0	1.0
ptg000038l	116501	116502	2.0	2.0	2.0	0.0
ptg000038l	116601	116602	3.0	5.0	0.0	1.0
ptg000038l	116701	116702	0.0	4.0	0.0	0.0
ptg000038l	116801	116802	0.0	1.0	0.0	0.0
ptg000038l	116901	116902	0.0	2.0	1.0	0.0
ptg000038l	117001	117002	1.0	5.0	2.0	0.0
ptg000038l	117101	117102	1.0	3.0	1.0	1.0
ptg000038l	117201	117202	0.0	3.0	0.0	1.0
ptg000038l	117301	117302	0.0	1.0	0.0	0.0
ptg000038l	117401	117402	0.0	0.0	0.0	0.0
ptg000038l	117501	117502	1.0	1.0	1.0	4.0
ptg000038l	117601	117602	0.0	0.0	1.0	1.0
ptg000038l	117701	117702	1.0	0.0	0.0	0.0
ptg000038l	117801	117802	0.0	0.0	0.0	0.0
ptg000038l	117901	117902	0.0	0.0	0.0	0.0
ptg000038l	118001	118002	0.0	0.0	0.0	0.0
ptg000038l	118101	118102	0.0	0.0	0.0	0.0
ptg000038l	118201	118202	8.0	7.0	9.0	11.0
ptg000038l	118301	118302	12.0	11.0	13.0	23.0
ptg000038l	118401	118402	9.0	6.0	8.0	22.0
ptg000038l	118501	118502	2.0	1.0	0.0	1.0
ptg000038l	118601	118602	0.0	0.0	1.0	0.0
ptg000038l	118701	118702	0.0	0.0	0.0	0.0
ptg000038l	118801	118802	0.0	0.0	0.0	0.0
ptg000038l	118901	118902	0.0	0.0	0.0	0.0
ptg000038l	119001	119002	0.0	0.0	0.0	0.0
ptg000038l	119101	119102	0.0	0.0	0.0	0.0
ptg000038l	119201	119202	0.0	0.0	0.0	0.0
ptg000038l	119301	119302	0.0	0.0	0.0	0.0
ptg000038l	119401	119402	1.0	2.0	0.0	0.0
ptg000038l	119501	119502	0.0	1.0	0.0	0.0
ptg000038l	119601	119602	0.0	1.0	0.0	0.0
ptg000038l	119701	119702	0.0	0.0	0.0	0.0
ptg000038l	119801	119802	0.0	0.0	0.0	0.0
ptg000038l	119901	119902	0.0	0.0	0.0	0.0
ptg000038l	120001	120002	3.0	1.0	4.0	3.0
ptg000038l	120101	120102	5.0	5.0	7.0	9.0
ptg000038l	120201	120202	9.0	9.0	9.0	12.0
ptg000038l	120301	120302	4.0	4.0	4.0	8.0
ptg000038l	120401	120402	1.0	1.0	3.0	5.0
ptg000038l	120501	120502	3.0	0.0	1.0	3.0
ptg000038l	120601	120602	1.0	0.0	0.0	0.0
ptg000038l	120701	120702	0.0	0.0	1.0	0.0
ptg000038l	120801	120802	0.0	0.0	0.0	0.0
ptg000038l	120901	120902	0.0	0.0	3.0	0.0
ptg000038l	121001	121002	0.0	0.0	0.0	0.0
ptg000038l	121101	121102	2.0	1.0	0.0	0.0
ptg000038l	121201	121202	2.0	1.0	0.0	1.0
ptg000038l	121301	121302	0.0	1.0	1.0	3.0
ptg000038l	121401	121402	0.0	0.0	0.0	0.0
ptg000038l	121501	121502	3.0	3.0	3.0	6.0
ptg000038l	121601	121602	0.0	0.0	1.0	0.0
ptg000038l	121701	121702	9.0	8.0	12.0	9.0
ptg000038l	121801	121802	3.0	4.0	5.0	4.0
ptg000038l	121901	121902	1.0	2.0	2.0	1.0
ptg000038l	122001	122002	2.0	2.0	2.0	4.0
ptg000038l	122101	122102	8.0	10.0	13.0	15.0
ptg000038l	122201	122202	4.0	7.0	8.0	17.0
ptg000038l	122301	122302	10.0	10.0	11.0	16.0
ptg000038l	122401	122402	10.0	13.0	10.0	14.0
ptg000038l	122501	122502	0.0	0.0	0.0	1.0
ptg000038l	122601	122602	12.0	4.0	9.0	5.0
ptg000038l	122701	122702	7.0	4.0	5.0	3.0
ptg000038l	122801	122802	2.0	1.0	0.0	3.0
ptg000038l	122901	122902	3.0	5.0	3.0	11.0
ptg000038l	123001	123002	4.0	6.0	7.0	11.0
ptg000038l	123101	123102	3.0	7.0	5.0	7.0
ptg000038l	123201	123202	3.0	6.0	4.0	1.0
ptg000038l	123301	123302	0.0	0.0	0.0	0.0
ptg000038l	123401	123402	0.0	0.0	0.0	0.0
ptg000038l	123501	123502	0.0	0.0	0.0	0.0
ptg000038l	123601	123602	1.0	4.0	2.0	3.0
ptg000038l	123701	123702	0.0	2.0	1.0	3.0
ptg000038l	123801	123802	0.0	0.0	0.0	1.0
ptg000038l	123901	123902	0.0	2.0	0.0	0.0
ptg000038l	124001	124002	0.0	1.0	0.0	1.0
ptg000038l	124101	124102	0.0	2.0	0.0	2.0
ptg000038l	124201	124202	0.0	9.0	0.0	4.0
ptg000038l	124301	124302	0.0	4.0	0.0	3.0
ptg000038l	124401	124402	0.0	1.0	0.0	1.0
ptg000038l	124501	124502	1.0	1.0	0.0	0.0
ptg000038l	124601	124602	0.0	4.0	0.0	1.0
ptg000038l	124701	124702	1.0	7.0	1.0	4.0
ptg000038l	124801	124802	2.0	5.0	4.0	1.0
ptg000038l	124901	124902	2.0	4.0	5.0	3.0
ptg000038l	125001	125002	2.0	3.0	5.0	1.0
ptg000038l	125101	125102	0.0	0.0	0.0	0.0
ptg000038l	125201	125202	0.0	0.0	2.0	0.0
ptg000038l	125301	125302	1.0	1.0	3.0	2.0
ptg000038l	125401	125402	5.0	4.0	2.0	3.0
ptg000038l	125501	125502	0.0	1.0	0.0	1.0
ptg000038l	125601	125602	2.0	2.0	2.0	3.0
ptg000038l	125701	125702	5.0	4.0	4.0	3.0
ptg000038l	125801	125802	0.0	0.0	0.0	0.0
ptg000038l	125901	125902	3.0	4.0	5.0	3.0
ptg000038l	126001	126002	0.0	1.0	1.0	0.0
ptg000038l	126101	126102	1.0	2.0	1.0	0.0
ptg000038l	126201	126202	9.0	4.0	10.0	9.0
ptg000038l	126301	126302	13.0	6.0	14.0	14.0
ptg000038l	126401	126402	0.0	1.0	1.0	4.0
ptg000038l	126501	126502	7.0	8.0	9.0	20.0
ptg000038l	126601	126602	27.0	17.0	23.0	53.0
ptg000038l	126701	126702	39.0	47.0	36.0	108.0
ptg000038l	126801	126802	0.0	0.0	0.0	1.0
ptg000038l	126901	126902	2.0	4.0	6.0	6.0
ptg000038l	127001	127002	12.0	14.0	9.0	20.0
ptg000038l	127101	127102	5.0	7.0	3.0	6.0
ptg000038l	127201	127202	16.0	12.0	7.0	15.0
ptg000038l	127301	127302	6.0	9.0	5.0	6.0
ptg000038l	127401	127402	2.0	9.0	7.0	11.0
ptg000038l	127501	127502	9.0	13.0	12.0	21.0
ptg000038l	127601	127602	2.0	5.0	3.0	9.0
ptg000038l	127701	127702	0.0	0.0	0.0	2.0
ptg000038l	127801	127802	2.0	7.0	3.0	5.0
ptg000038l	127901	127902	0.0	0.0	0.0	0.0
ptg000038l	128001	128002	4.0	6.0	3.0	5.0
ptg000038l	128101	128102	4.0	4.0	7.0	4.0
ptg000038l	128201	128202	3.0	3.0	11.0	8.0
ptg000038l	128301	128302	4.0	5.0	7.0	7.0
ptg000038l	128401	128402	1.0	12.0	8.0	9.0
ptg000038l	128501	128502	0.0	7.0	4.0	7.0
ptg000038l	128601	128602	3.0	7.0	4.0	5.0
ptg000038l	128701	128702	3.0	9.0	7.0	12.0
ptg000038l	128801	128802	2.0	6.0	3.0	7.0
ptg000038l	128901	128902	0.0	8.0	2.0	6.0
ptg000038l	129001	129002	3.0	6.0	2.0	3.0
ptg000038l	129101	129102	4.0	1.0	3.0	3.0
ptg000038l	129201	129202	1.0	6.0	5.0	6.0
ptg000038l	129301	129302	2.0	2.0	0.0	4.0
ptg000038l	129401	129402	0.0	0.0	0.0	0.0
ptg000038l	129501	129502	6.0	6.0	4.0	4.0
ptg000038l	129601	129602	4.0	3.0	1.0	1.0
ptg000038l	129701	129702	1.0	2.0	0.0	0.0
ptg000038l	129801	129802	2.0	1.0	2.0	0.0
ptg000038l	129901	129902	2.0	1.0	1.0	4.0
ptg000038l	130001	130002	2.0	1.0	2.0	4.0
ptg000038l	130101	130102	3.0	1.0	2.0	0.0
ptg000038l	130201	130202	1.0	0.0	0.0	0.0
ptg000038l	130301	130302	0.0	0.0	1.0	2.0
ptg000038l	130401	130402	0.0	0.0	0.0	0.0
