#plotCoverage --outRawCounts
#'chr'	'start'	'end'	'S1.dedup.bam'	'S2.dedup.bam'	'S3.dedup.bam'	'S4.dedup.bam'
ptg000058l	1	2	1.0	0.0	2.0	3.0
ptg000058l	101	102	4.0	7.0	6.0	7.0
ptg000058l	201	202	9.0	4.0	1.0	9.0
ptg000058l	301	302	49.0	48.0	64.0	74.0
ptg000058l	401	402	22.0	38.0	20.0	30.0
ptg000058l	501	502	60.0	66.0	69.0	81.0
ptg000058l	601	602	50.0	62.0	59.0	69.0
ptg000058l	701	702	14.0	24.0	20.0	28.0
ptg000058l	801	802	29.0	41.0	35.0	41.0
ptg000058l	901	902	47.0	54.0	50.0	67.0
ptg000058l	1001	1002	46.0	49.0	49.0	75.0
ptg000058l	1101	1102	39.0	45.0	45.0	56.0
ptg000058l	1201	1202	37.0	13.0	30.0	20.0
ptg000058l	1301	1302	20.0	7.0	15.0	8.0
ptg000058l	1401	1402	11.0	13.0	15.0	19.0
ptg000058l	1501	1502	0.0	0.0	0.0	0.0
ptg000058l	1601	1602	0.0	0.0	0.0	0.0
ptg000058l	1701	1702	3.0	1.0	7.0	8.0
ptg000058l	1801	1802	3.0	2.0	3.0	9.0
ptg000058l	1901	1902	1.0	0.0	1.0	0.0
ptg000058l	2001	2002	1.0	3.0	2.0	5.0
ptg000058l	2101	2102	0.0	1.0	1.0	3.0
ptg000058l	2201	2202	2.0	1.0	2.0	4.0
ptg000058l	2301	2302	0.0	0.0	0.0	1.0
ptg000058l	2401	2402	0.0	0.0	0.0	1.0
ptg000058l	2501	2502	0.0	4.0	7.0	3.0
ptg000058l	2601	2602	12.0	15.0	14.0	20.0
ptg000058l	2701	2702	12.0	11.0	21.0	21.0
ptg000058l	2801	2802	39.0	45.0	57.0	50.0
ptg000058l	2901	2902	44.0	47.0	67.0	57.0
ptg000058l	3001	3002	34.0	42.0	38.0	33.0
ptg000058l	3101	3102	7.0	17.0	14.0	9.0
ptg000058l	3201	3202	22.0	29.0	21.0	22.0
ptg000058l	3301	3302	29.0	30.0	29.0	32.0
ptg000058l	3401	3402	4.0	4.0	5.0	7.0
ptg000058l	3501	3502	1.0	2.0	1.0	0.0
ptg000058l	3601	3602	14.0	21.0	23.0	28.0
ptg000058l	3701	3702	27.0	31.0	24.0	42.0
ptg000058l	3801	3802	5.0	12.0	3.0	14.0
ptg000058l	3901	3902	16.0	18.0	20.0	31.0
ptg000058l	4001	4002	30.0	41.0	47.0	64.0
ptg000058l	4101	4102	18.0	38.0	47.0	48.0
ptg000058l	4201	4202	16.0	18.0	35.0	40.0
ptg000058l	4301	4302	41.0	31.0	44.0	77.0
ptg000058l	4401	4402	37.0	41.0	32.0	78.0
ptg000058l	4501	4502	15.0	24.0	16.0	41.0
ptg000058l	4601	4602	13.0	9.0	11.0	16.0
ptg000058l	4701	4702	0.0	0.0	0.0	0.0
ptg000058l	4801	4802	0.0	0.0	1.0	0.0
ptg000058l	4901	4902	25.0	24.0	33.0	41.0
ptg000058l	5001	5002	30.0	42.0	35.0	54.0
ptg000058l	5101	5102	41.0	33.0	39.0	75.0
ptg000058l	5201	5202	34.0	35.0	42.0	51.0
ptg000058l	5301	5302	8.0	8.0	6.0	8.0
ptg000058l	5401	5402	32.0	36.0	31.0	62.0
ptg000058l	5501	5502	57.0	65.0	66.0	87.0
ptg000058l	5601	5602	71.0	58.0	64.0	75.0
ptg000058l	5701	5702	68.0	51.0	59.0	95.0
ptg000058l	5801	5802	76.0	70.0	80.0	118.0
ptg000058l	5901	5902	55.0	63.0	79.0	98.0
ptg000058l	6001	6002	39.0	61.0	67.0	78.0
ptg000058l	6101	6102	39.0	51.0	62.0	83.0
ptg000058l	6201	6202	40.0	39.0	53.0	84.0
ptg000058l	6301	6302	9.0	6.0	10.0	10.0
ptg000058l	6401	6402	22.0	34.0	39.0	44.0
ptg000058l	6501	6502	28.0	50.0	45.0	70.0
ptg000058l	6601	6602	34.0	55.0	45.0	74.0
ptg000058l	6701	6702	21.0	42.0	38.0	59.0
ptg000058l	6801	6802	37.0	44.0	27.0	54.0
ptg000058l	6901	6902	69.0	69.0	68.0	93.0
ptg000058l	7001	7002	67.0	86.0	81.0	110.0
ptg000058l	7101	7102	72.0	87.0	82.0	119.0
ptg000058l	7201	7202	66.0	65.0	57.0	103.0
ptg000058l	7301	7302	69.0	75.0	82.0	92.0
ptg000058l	7401	7402	67.0	98.0	96.0	103.0
ptg000058l	7501	7502	56.0	78.0	55.0	83.0
ptg000058l	7601	7602	44.0	49.0	41.0	57.0
ptg000058l	7701	7702	22.0	24.0	35.0	27.0
ptg000058l	7801	7802	19.0	26.0	23.0	39.0
ptg000058l	7901	7902	15.0	18.0	14.0	24.0
ptg000058l	8001	8002	4.0	5.0	9.0	9.0
ptg000058l	8101	8102	19.0	5.0	13.0	19.0
ptg000058l	8201	8202	18.0	3.0	15.0	17.0
ptg000058l	8301	8302	0.0	0.0	1.0	0.0
ptg000058l	8401	8402	1.0	2.0	4.0	0.0
ptg000058l	8501	8502	20.0	10.0	14.0	15.0
ptg000058l	8601	8602	29.0	14.0	28.0	29.0
ptg000058l	8701	8702	19.0	14.0	30.0	29.0
ptg000058l	8801	8802	9.0	11.0	15.0	16.0
ptg000058l	8901	8902	11.0	9.0	16.0	10.0
ptg000058l	9001	9002	49.0	53.0	53.0	56.0
ptg000058l	9101	9102	80.0	88.0	65.0	82.0
ptg000058l	9201	9202	55.0	68.0	46.0	62.0
ptg000058l	9301	9302	56.0	50.0	51.0	89.0
ptg000058l	9401	9402	59.0	77.0	58.0	78.0
ptg000058l	9501	9502	72.0	67.0	60.0	98.0
ptg000058l	9601	9602	70.0	85.0	69.0	126.0
ptg000058l	9701	9702	60.0	65.0	66.0	91.0
ptg000058l	9801	9802	40.0	34.0	31.0	49.0
ptg000058l	9901	9902	31.0	36.0	39.0	45.0
ptg000058l	10001	10002	26.0	45.0	38.0	49.0
ptg000058l	10101	10102	23.0	46.0	41.0	49.0
ptg000058l	10201	10202	52.0	64.0	71.0	95.0
ptg000058l	10301	10302	57.0	65.0	94.0	97.0
ptg000058l	10401	10402	33.0	24.0	49.0	34.0
ptg000058l	10501	10502	43.0	39.0	40.0	54.0
ptg000058l	10601	10602	55.0	68.0	76.0	84.0
ptg000058l	10701	10702	48.0	53.0	58.0	70.0
ptg000058l	10801	10802	53.0	46.0	67.0	75.0
ptg000058l	10901	10902	69.0	69.0	99.0	109.0
ptg000058l	11001	11002	47.0	59.0	78.0	82.0
ptg000058l	11101	11102	46.0	43.0	45.0	76.0
ptg000058l	11201	11202	44.0	32.0	44.0	86.0
ptg000058l	11301	11302	15.0	14.0	12.0	29.0
ptg000058l	11401	11402	11.0	13.0	26.0	21.0
ptg000058l	11501	11502	7.0	9.0	14.0	10.0
ptg000058l	11601	11602	11.0	10.0	14.0	15.0
ptg000058l	11701	11702	6.0	7.0	7.0	12.0
ptg000058l	11801	11802	11.0	18.0	18.0	22.0
ptg000058l	11901	11902	2.0	0.0	0.0	0.0
ptg000058l	12001	12002	10.0	3.0	3.0	8.0
ptg000058l	12101	12102	15.0	19.0	18.0	23.0
ptg000058l	12201	12202	1.0	9.0	4.0	6.0
ptg000058l	12301	12302	0.0	6.0	3.0	8.0
ptg000058l	12401	12402	4.0	7.0	7.0	10.0
ptg000058l	12501	12502	0.0	0.0	0.0	1.0
ptg000058l	12601	12602	6.0	5.0	3.0	6.0
ptg000058l	12701	12702	0.0	1.0	1.0	1.0
ptg000058l	12801	12802	0.0	2.0	1.0	1.0
ptg000058l	12901	12902	15.0	28.0	20.0	21.0
ptg000058l	13001	13002	28.0	48.0	56.0	47.0
ptg000058l	13101	13102	42.0	45.0	57.0	59.0
ptg000058l	13201	13202	44.0	54.0	54.0	61.0
ptg000058l	13301	13302	40.0	49.0	55.0	66.0
ptg000058l	13401	13402	60.0	61.0	77.0	102.0
ptg000058l	13501	13502	78.0	75.0	81.0	99.0
ptg000058l	13601	13602	100.0	86.0	103.0	120.0
ptg000058l	13701	13702	117.0	139.0	122.0	162.0
ptg000058l	13801	13802	162.0	172.0	163.0	239.0
ptg000058l	13901	13902	249.0	248.0	236.0	293.0
ptg000058l	14001	14002	281.0	309.0	288.0	388.0
ptg000058l	14101	14102	697.0	846.0	711.0	1103.0
ptg000058l	14201	14202	1144.0	1338.0	1205.0	1709.0
ptg000058l	14301	14302	292.0	309.0	280.0	455.0
ptg000058l	14401	14402	291.0	341.0	275.0	435.0
ptg000058l	14501	14502	245.0	287.0	265.0	328.0
ptg000058l	14601	14602	169.0	216.0	189.0	205.0
ptg000058l	14701	14702	93.0	99.0	89.0	105.0
ptg000058l	14801	14802	54.0	65.0	50.0	66.0
ptg000058l	14901	14902	77.0	84.0	88.0	109.0
ptg000058l	15001	15002	80.0	62.0	85.0	112.0
ptg000058l	15101	15102	66.0	85.0	74.0	112.0
ptg000058l	15201	15202	74.0	81.0	72.0	130.0
ptg000058l	15301	15302	64.0	77.0	65.0	114.0
ptg000058l	15401	15402	66.0	84.0	82.0	119.0
ptg000058l	15501	15502	56.0	72.0	82.0	112.0
ptg000058l	15601	15602	69.0	73.0	74.0	110.0
ptg000058l	15701	15702	72.0	70.0	74.0	102.0
ptg000058l	15801	15802	60.0	76.0	82.0	83.0
ptg000058l	15901	15902	54.0	66.0	80.0	89.0
ptg000058l	16001	16002	79.0	62.0	79.0	91.0
ptg000058l	16101	16102	85.0	64.0	100.0	115.0
ptg000058l	16201	16202	81.0	70.0	91.0	117.0
ptg000058l	16301	16302	83.0	86.0	80.0	116.0
ptg000058l	16401	16402	76.0	89.0	84.0	105.0
ptg000058l	16501	16502	44.0	56.0	57.0	91.0
ptg000058l	16601	16602	54.0	72.0	72.0	80.0
ptg000058l	16701	16702	60.0	70.0	69.0	54.0
ptg000058l	16801	16802	66.0	80.0	64.0	66.0
ptg000058l	16901	16902	55.0	61.0	75.0	72.0
ptg000058l	17001	17002	53.0	56.0	58.0	80.0
ptg000058l	17101	17102	50.0	60.0	43.0	70.0
ptg000058l	17201	17202	37.0	53.0	31.0	51.0
ptg000058l	17301	17302	31.0	36.0	33.0	41.0
ptg000058l	17401	17402	7.0	7.0	10.0	7.0
ptg000058l	17501	17502	5.0	11.0	7.0	16.0
ptg000058l	17601	17602	1.0	3.0	2.0	0.0
ptg000058l	17701	17702	4.0	7.0	1.0	6.0
ptg000058l	17801	17802	25.0	32.0	26.0	37.0
ptg000058l	17901	17902	33.0	32.0	28.0	53.0
ptg000058l	18001	18002	30.0	26.0	12.0	36.0
ptg000058l	18101	18102	56.0	68.0	41.0	57.0
ptg000058l	18201	18202	60.0	74.0	42.0	79.0
ptg000058l	18301	18302	40.0	56.0	37.0	48.0
ptg000058l	18401	18402	20.0	38.0	20.0	22.0
ptg000058l	18501	18502	25.0	27.0	25.0	33.0
ptg000058l	18601	18602	42.0	43.0	38.0	63.0
ptg000058l	18701	18702	11.0	17.0	13.0	18.0
ptg000058l	18801	18802	13.0	16.0	21.0	34.0
ptg000058l	18901	18902	29.0	36.0	45.0	62.0
ptg000058l	19001	19002	32.0	30.0	51.0	48.0
ptg000058l	19101	19102	20.0	14.0	21.0	15.0
ptg000058l	19201	19202	6.0	14.0	22.0	29.0
ptg000058l	19301	19302	21.0	45.0	49.0	72.0
ptg000058l	19401	19402	33.0	49.0	49.0	73.0
ptg000058l	19501	19502	23.0	24.0	24.0	38.0
ptg000058l	19601	19602	38.0	31.0	34.0	52.0
ptg000058l	19701	19702	42.0	58.0	50.0	61.0
ptg000058l	19801	19802	19.0	26.0	22.0	32.0
ptg000058l	19901	19902	15.0	12.0	16.0	11.0
ptg000058l	20001	20002	0.0	0.0	0.0	0.0
ptg000058l	20101	20102	0.0	0.0	0.0	0.0
ptg000058l	20201	20202	16.0	30.0	17.0	23.0
ptg000058l	20301	20302	31.0	49.0	31.0	49.0
ptg000058l	20401	20402	37.0	51.0	51.0	65.0
ptg000058l	20501	20502	56.0	59.0	62.0	64.0
ptg000058l	20601	20602	24.0	15.0	25.0	23.0
ptg000058l	20701	20702	26.0	32.0	29.0	33.0
ptg000058l	20801	20802	53.0	61.0	51.0	84.0
ptg000058l	20901	20902	49.0	49.0	53.0	83.0
ptg000058l	21001	21002	65.0	74.0	66.0	80.0
ptg000058l	21101	21102	76.0	81.0	79.0	94.0
ptg000058l	21201	21202	72.0	64.0	61.0	93.0
ptg000058l	21301	21302	51.0	65.0	64.0	92.0
ptg000058l	21401	21402	50.0	65.0	51.0	72.0
ptg000058l	21501	21502	50.0	52.0	41.0	63.0
ptg000058l	21601	21602	16.0	13.0	16.0	19.0
ptg000058l	21701	21702	25.0	34.0	34.0	34.0
ptg000058l	21801	21802	49.0	60.0	49.0	53.0
ptg000058l	21901	21902	40.0	45.0	48.0	61.0
ptg000058l	22001	22002	28.0	40.0	38.0	43.0
ptg000058l	22101	22102	27.0	34.0	38.0	43.0
ptg000058l	22201	22202	53.0	63.0	47.0	75.0
ptg000058l	22301	22302	68.0	76.0	77.0	93.0
ptg000058l	22401	22402	64.0	79.0	78.0	101.0
ptg000058l	22501	22502	57.0	75.0	82.0	122.0
ptg000058l	22601	22602	69.0	77.0	67.0	98.0
ptg000058l	22701	22702	56.0	90.0	75.0	106.0
ptg000058l	22801	22802	60.0	65.0	64.0	91.0
ptg000058l	22901	22902	42.0	59.0	46.0	60.0
ptg000058l	23001	23002	15.0	30.0	27.0	35.0
ptg000058l	23101	23102	21.0	22.0	36.0	25.0
ptg000058l	23201	23202	18.0	22.0	24.0	15.0
ptg000058l	23301	23302	5.0	5.0	3.0	7.0
ptg000058l	23401	23402	5.0	11.0	8.0	6.0
ptg000058l	23501	23502	12.0	13.0	16.0	21.0
ptg000058l	23601	23602	1.0	0.0	0.0	1.0
ptg000058l	23701	23702	2.0	0.0	0.0	0.0
ptg000058l	23801	23802	15.0	10.0	18.0	17.0
ptg000058l	23901	23902	19.0	15.0	32.0	34.0
ptg000058l	24001	24002	23.0	22.0	33.0	34.0
ptg000058l	24101	24102	10.0	20.0	22.0	13.0
ptg000058l	24201	24202	7.0	3.0	4.0	5.0
ptg000058l	24301	24302	30.0	46.0	54.0	34.0
ptg000058l	24401	24402	62.0	79.0	82.0	77.0
ptg000058l	24501	24502	56.0	67.0	69.0	79.0
ptg000058l	24601	24602	59.0	58.0	63.0	76.0
ptg000058l	24701	24702	59.0	71.0	79.0	92.0
ptg000058l	24801	24802	55.0	62.0	66.0	73.0
ptg000058l	24901	24902	65.0	60.0	85.0	105.0
ptg000058l	25001	25002	58.0	61.0	73.0	98.0
ptg000058l	25101	25102	35.0	34.0	39.0	46.0
ptg000058l	25201	25202	29.0	32.0	49.0	38.0
ptg000058l	25301	25302	26.0	39.0	48.0	42.0
ptg000058l	25401	25402	21.0	39.0	37.0	37.0
ptg000058l	25501	25502	51.0	62.0	60.0	82.0
ptg000058l	25601	25602	60.0	78.0	84.0	103.0
ptg000058l	25701	25702	34.0	50.0	45.0	65.0
ptg000058l	25801	25802	41.0	26.0	32.0	50.0
ptg000058l	25901	25902	62.0	47.0	82.0	81.0
ptg000058l	26001	26002	58.0	60.0	65.0	76.0
ptg000058l	26101	26102	50.0	64.0	58.0	69.0
ptg000058l	26201	26202	64.0	80.0	84.0	102.0
ptg000058l	26301	26302	42.0	59.0	60.0	75.0
ptg000058l	26401	26402	41.0	38.0	33.0	56.0
ptg000058l	26501	26502	48.0	33.0	44.0	49.0
ptg000058l	26601	26602	16.0	10.0	22.0	24.0
ptg000058l	26701	26702	2.0	2.0	7.0	1.0
