#plotCoverage --outRawCounts
#'chr'	'start'	'end'	'S1.dedup.bam'	'S2.dedup.bam'	'S3.dedup.bam'	'S4.dedup.bam'
ptg000109l	1	2	0.0	0.0	0.0	0.0
ptg000109l	101	102	11.0	5.0	7.0	15.0
ptg000109l	201	202	40.0	40.0	41.0	41.0
ptg000109l	301	302	56.0	67.0	53.0	57.0
ptg000109l	401	402	33.0	32.0	43.0	37.0
ptg000109l	501	502	38.0	25.0	24.0	29.0
ptg000109l	601	602	96.0	91.0	59.0	55.0
ptg000109l	701	702	135.0	149.0	114.0	110.0
ptg000109l	801	802	53.0	44.0	44.0	30.0
ptg000109l	901	902	74.0	62.0	47.0	51.0
ptg000109l	1001	1002	95.0	70.0	52.0	62.0
ptg000109l	1101	1102	59.0	54.0	47.0	47.0
ptg000109l	1201	1202	25.0	29.0	22.0	24.0
ptg000109l	1301	1302	26.0	33.0	19.0	21.0
ptg000109l	1401	1402	39.0	41.0	27.0	31.0
ptg000109l	1501	1502	20.0	24.0	20.0	20.0
ptg000109l	1601	1602	23.0	13.0	18.0	13.0
ptg000109l	1701	1702	25.0	28.0	28.0	32.0
ptg000109l	1801	1802	46.0	38.0	32.0	70.0
ptg000109l	1901	1902	67.0	65.0	52.0	78.0
ptg000109l	2001	2002	47.0	47.0	29.0	48.0
ptg000109l	2101	2102	61.0	70.0	57.0	53.0
ptg000109l	2201	2202	1182.0	1192.0	940.0	1203.0
ptg000109l	2301	2302	57.0	73.0	53.0	82.0
ptg000109l	2401	2402	17.0	24.0	14.0	22.0
ptg000109l	2501	2502	255.0	254.0	180.0	209.0
ptg000109l	2601	2602	524.0	570.0	457.0	499.0
ptg000109l	2701	2702	165.0	225.0	217.0	93.0
ptg000109l	2801	2802	37.0	32.0	37.0	36.0
ptg000109l	2901	2902	15.0	18.0	6.0	24.0
ptg000109l	3001	3002	14.0	25.0	14.0	16.0
ptg000109l	3101	3102	18.0	21.0	10.0	20.0
ptg000109l	3201	3202	20.0	12.0	13.0	19.0
ptg000109l	3301	3302	55.0	41.0	22.0	42.0
ptg000109l	3401	3402	52.0	36.0	30.0	37.0
ptg000109l	3501	3502	0.0	0.0	0.0	2.0
ptg000109l	3601	3602	45.0	34.0	33.0	23.0
ptg000109l	3701	3702	82.0	69.0	60.0	35.0
ptg000109l	3801	3802	87.0	73.0	68.0	54.0
ptg000109l	3901	3902	51.0	58.0	40.0	35.0
ptg000109l	4001	4002	0.0	2.0	1.0	0.0
ptg000109l	4101	4102	0.0	0.0	2.0	0.0
ptg000109l	4201	4202	0.0	0.0	0.0	0.0
ptg000109l	4301	4302	2.0	4.0	9.0	2.0
ptg000109l	4401	4402	0.0	1.0	0.0	1.0
ptg000109l	4501	4502	0.0	2.0	2.0	1.0
ptg000109l	4601	4602	3.0	8.0	8.0	3.0
ptg000109l	4701	4702	2.0	6.0	4.0	2.0
ptg000109l	4801	4802	2.0	1.0	5.0	0.0
ptg000109l	4901	4902	2.0	0.0	4.0	1.0
ptg000109l	5001	5002	0.0	1.0	1.0	1.0
ptg000109l	5101	5102	0.0	0.0	1.0	1.0
ptg000109l	5201	5202	2.0	4.0	0.0	1.0
ptg000109l	5301	5302	0.0	3.0	0.0	1.0
ptg000109l	5401	5402	0.0	3.0	1.0	0.0
ptg000109l	5501	5502	0.0	0.0	0.0	1.0
ptg000109l	5601	5602	1.0	0.0	2.0	0.0
ptg000109l	5701	5702	2.0	0.0	1.0	0.0
ptg000109l	5801	5802	0.0	0.0	0.0	0.0
ptg000109l	5901	5902	3.0	3.0	2.0	1.0
ptg000109l	6001	6002	1.0	0.0	0.0	1.0
ptg000109l	6101	6102	0.0	0.0	0.0	0.0
ptg000109l	6201	6202	0.0	1.0	0.0	0.0
ptg000109l	6301	6302	2.0	4.0	1.0	0.0
ptg000109l	6401	6402	0.0	1.0	0.0	0.0
ptg000109l	6501	6502	4.0	3.0	2.0	3.0
ptg000109l	6601	6602	27.0	27.0	22.0	26.0
ptg000109l	6701	6702	33.0	33.0	36.0	28.0
ptg000109l	6801	6802	18.0	21.0	18.0	19.0
ptg000109l	6901	6902	1.0	2.0	1.0	1.0
ptg000109l	7001	7002	4.0	3.0	1.0	1.0
ptg000109l	7101	7102	2.0	2.0	1.0	2.0
ptg000109l	7201	7202	6.0	10.0	9.0	4.0
ptg000109l	7301	7302	8.0	10.0	6.0	6.0
ptg000109l	7401	7402	0.0	0.0	1.0	1.0
ptg000109l	7501	7502	23.0	27.0	20.0	14.0
ptg000109l	7601	7602	4.0	9.0	3.0	3.0
ptg000109l	7701	7702	0.0	0.0	1.0	0.0
ptg000109l	7801	7802	9.0	11.0	10.0	13.0
ptg000109l	7901	7902	19.0	26.0	15.0	23.0
ptg000109l	8001	8002	1.0	1.0	1.0	0.0
ptg000109l	8101	8102	0.0	0.0	0.0	0.0
ptg000109l	8201	8202	0.0	1.0	0.0	0.0
ptg000109l	8301	8302	1.0	0.0	2.0	3.0
ptg000109l	8401	8402	0.0	0.0	1.0	1.0
ptg000109l	8501	8502	0.0	0.0	0.0	0.0
ptg000109l	8601	8602	0.0	0.0	1.0	0.0
ptg000109l	8701	8702	3.0	0.0	0.0	0.0
ptg000109l	8801	8802	1.0	0.0	0.0	3.0
ptg000109l	8901	8902	1.0	0.0	0.0	0.0
ptg000109l	9001	9002	0.0	0.0	0.0	0.0
ptg000109l	9101	9102	0.0	0.0	1.0	2.0
ptg000109l	9201	9202	1.0	0.0	0.0	0.0
ptg000109l	9301	9302	0.0	0.0	0.0	1.0
ptg000109l	9401	9402	3.0	0.0	1.0	6.0
ptg000109l	9501	9502	0.0	0.0	0.0	3.0
ptg000109l	9601	9602	0.0	0.0	0.0	0.0
ptg000109l	9701	9702	0.0	0.0	0.0	0.0
ptg000109l	9801	9802	0.0	1.0	1.0	2.0
ptg000109l	9901	9902	0.0	0.0	0.0	1.0
ptg000109l	10001	10002	0.0	2.0	1.0	1.0
ptg000109l	10101	10102	66.0	63.0	59.0	56.0
ptg000109l	10201	10202	54.0	51.0	50.0	47.0
ptg000109l	10301	10302	1.0	6.0	3.0	3.0
ptg000109l	10401	10402	63.0	83.0	60.0	56.0
ptg000109l	10501	10502	90.0	113.0	84.0	75.0
ptg000109l	10601	10602	55.0	86.0	55.0	60.0
ptg000109l	10701	10702	15.0	31.0	17.0	13.0
ptg000109l	10801	10802	3.0	3.0	4.0	2.0
ptg000109l	10901	10902	6.0	11.0	5.0	1.0
ptg000109l	11001	11002	25.0	43.0	31.0	19.0
ptg000109l	11101	11102	4.0	11.0	12.0	3.0
ptg000109l	11201	11202	2.0	3.0	0.0	1.0
ptg000109l	11301	11302	1.0	3.0	2.0	2.0
ptg000109l	11401	11402	10.0	10.0	8.0	12.0
ptg000109l	11501	11502	0.0	0.0	2.0	0.0
ptg000109l	11601	11602	18.0	18.0	11.0	19.0
ptg000109l	11701	11702	104.0	145.0	82.0	116.0
ptg000109l	11801	11802	206.0	359.0	180.0	389.0
ptg000109l	11901	11902	40.0	80.0	26.0	58.0
ptg000109l	12001	12002	2.0	9.0	2.0	6.0
ptg000109l	12101	12102	1.0	8.0	3.0	4.0
ptg000109l	12201	12202	0.0	0.0	0.0	0.0
ptg000109l	12301	12302	28.0	51.0	26.0	54.0
ptg000109l	12401	12402	45.0	106.0	51.0	110.0
ptg000109l	12501	12502	36.0	60.0	29.0	66.0
ptg000109l	12601	12602	11.0	29.0	9.0	37.0
ptg000109l	12701	12702	3.0	7.0	2.0	4.0
ptg000109l	12801	12802	1.0	0.0	0.0	1.0
ptg000109l	12901	12902	0.0	0.0	1.0	0.0
ptg000109l	13001	13002	0.0	0.0	0.0	0.0
ptg000109l	13101	13102	0.0	1.0	1.0	0.0
ptg000109l	13201	13202	1.0	0.0	0.0	0.0
ptg000109l	13301	13302	0.0	0.0	0.0	0.0
ptg000109l	13401	13402	0.0	1.0	0.0	0.0
ptg000109l	13501	13502	1.0	0.0	0.0	0.0
ptg000109l	13601	13602	0.0	0.0	0.0	0.0
ptg000109l	13701	13702	0.0	2.0	1.0	0.0
ptg000109l	13801	13802	2.0	0.0	5.0	3.0
ptg000109l	13901	13902	1.0	0.0	2.0	0.0
ptg000109l	14001	14002	0.0	0.0	0.0	1.0
ptg000109l	14101	14102	0.0	0.0	1.0	0.0
ptg000109l	14201	14202	1.0	3.0	4.0	2.0
ptg000109l	14301	14302	2.0	5.0	5.0	0.0
ptg000109l	14401	14402	0.0	0.0	0.0	0.0
ptg000109l	14501	14502	0.0	0.0	1.0	0.0
ptg000109l	14601	14602	0.0	0.0	0.0	1.0
ptg000109l	14701	14702	0.0	0.0	1.0	2.0
ptg000109l	14801	14802	8.0	9.0	9.0	11.0
ptg000109l	14901	14902	9.0	12.0	6.0	13.0
ptg000109l	15001	15002	22.0	23.0	20.0	21.0
ptg000109l	15101	15102	75.0	75.0	54.0	64.0
ptg000109l	15201	15202	73.0	83.0	53.0	59.0
ptg000109l	15301	15302	72.0	60.0	53.0	60.0
ptg000109l	15401	15402	65.0	67.0	40.0	63.0
ptg000109l	15501	15502	47.0	68.0	43.0	40.0
ptg000109l	15601	15602	1.0	0.0	0.0	0.0
ptg000109l	15701	15702	0.0	0.0	0.0	0.0
ptg000109l	15801	15802	0.0	0.0	0.0	0.0
ptg000109l	15901	15902	0.0	0.0	0.0	0.0
ptg000109l	16001	16002	1.0	0.0	1.0	2.0
ptg000109l	16101	16102	0.0	0.0	0.0	2.0
ptg000109l	16201	16202	0.0	0.0	0.0	0.0
ptg000109l	16301	16302	0.0	0.0	0.0	0.0
ptg000109l	16401	16402	0.0	0.0	0.0	2.0
ptg000109l	16501	16502	0.0	0.0	0.0	0.0
ptg000109l	16601	16602	2.0	0.0	2.0	2.0
ptg000109l	16701	16702	1.0	0.0	0.0	0.0
ptg000109l	16801	16802	0.0	0.0	0.0	0.0
ptg000109l	16901	16902	2.0	0.0	0.0	0.0
ptg000109l	17001	17002	0.0	0.0	0.0	0.0
ptg000109l	17101	17102	7.0	1.0	6.0	0.0
ptg000109l	17201	17202	6.0	3.0	4.0	2.0
ptg000109l	17301	17302	0.0	1.0	0.0	0.0
ptg000109l	17401	17402	0.0	2.0	0.0	0.0
ptg000109l	17501	17502	1.0	1.0	0.0	1.0
ptg000109l	17601	17602	0.0	2.0	0.0	1.0
ptg000109l	17701	17702	1.0	1.0	0.0	0.0
ptg000109l	17801	17802	150.0	101.0	113.0	74.0
ptg000109l	17901	17902	431.0	328.0	383.0	250.0
ptg000109l	18001	18002	742.0	538.0	619.0	393.0
ptg000109l	18101	18102	261.0	183.0	225.0	139.0
ptg000109l	18201	18202	5.0	4.0	6.0	4.0
ptg000109l	18301	18302	15.0	13.0	10.0	3.0
ptg000109l	18401	18402	41.0	20.0	31.0	7.0
ptg000109l	18501	18502	7.0	3.0	5.0	3.0
ptg000109l	18601	18602	7.0	3.0	2.0	3.0
ptg000109l	18701	18702	8.0	6.0	1.0	6.0
ptg000109l	18801	18802	1.0	1.0	2.0	2.0
ptg000109l	18901	18902	0.0	0.0	0.0	0.0
ptg000109l	19001	19002	6.0	1.0	4.0	5.0
ptg000109l	19101	19102	10.0	11.0	11.0	14.0
ptg000109l	19201	19202	2.0	6.0	3.0	10.0
ptg000109l	19301	19302	3.0	4.0	1.0	2.0
ptg000109l	19401	19402	1.0	0.0	0.0	0.0
ptg000109l	19501	19502	0.0	0.0	1.0	0.0
ptg000109l	19601	19602	0.0	0.0	1.0	0.0
ptg000109l	19701	19702	0.0	0.0	0.0	0.0
ptg000109l	19801	19802	0.0	0.0	0.0	0.0
ptg000109l	19901	19902	2.0	1.0	0.0	0.0
ptg000109l	20001	20002	1.0	0.0	0.0	0.0
ptg000109l	20101	20102	1.0	0.0	1.0	2.0
ptg000109l	20201	20202	0.0	0.0	0.0	0.0
ptg000109l	20301	20302	0.0	0.0	0.0	0.0
ptg000109l	20401	20402	0.0	0.0	1.0	1.0
ptg000109l	20501	20502	1.0	0.0	1.0	0.0
ptg000109l	20601	20602	9.0	1.0	1.0	0.0
ptg000109l	20701	20702	3.0	5.0	0.0	1.0
ptg000109l	20801	20802	0.0	0.0	0.0	1.0
ptg000109l	20901	20902	0.0	0.0	0.0	1.0
ptg000109l	21001	21002	1.0	3.0	0.0	0.0
ptg000109l	21101	21102	1.0	4.0	0.0	0.0
ptg000109l	21201	21202	0.0	1.0	0.0	2.0
ptg000109l	21301	21302	13.0	14.0	14.0	16.0
ptg000109l	21401	21402	23.0	29.0	27.0	25.0
ptg000109l	21501	21502	12.0	21.0	22.0	18.0
ptg000109l	21601	21602	1.0	1.0	3.0	3.0
ptg000109l	21701	21702	3.0	6.0	1.0	6.0
ptg000109l	21801	21802	0.0	4.0	3.0	2.0
ptg000109l	21901	21902	0.0	3.0	2.0	2.0
ptg000109l	22001	22002	13.0	13.0	12.0	16.0
ptg000109l	22101	22102	14.0	17.0	18.0	14.0
ptg000109l	22201	22202	0.0	0.0	1.0	1.0
ptg000109l	22301	22302	2.0	3.0	2.0	1.0
ptg000109l	22401	22402	1.0	2.0	0.0	0.0
ptg000109l	22501	22502	0.0	0.0	0.0	2.0
ptg000109l	22601	22602	0.0	1.0	0.0	0.0
ptg000109l	22701	22702	0.0	1.0	1.0	0.0
ptg000109l	22801	22802	5.0	3.0	8.0	1.0
ptg000109l	22901	22902	6.0	5.0	3.0	3.0
ptg000109l	23001	23002	1.0	0.0	0.0	2.0
ptg000109l	23101	23102	0.0	1.0	0.0	3.0
ptg000109l	23201	23202	17.0	25.0	9.0	19.0
ptg000109l	23301	23302	30.0	40.0	15.0	32.0
ptg000109l	23401	23402	14.0	18.0	3.0	11.0
ptg000109l	23501	23502	1.0	0.0	0.0	0.0
ptg000109l	23601	23602	0.0	0.0	0.0	0.0
ptg000109l	23701	23702	0.0	0.0	0.0	0.0
ptg000109l	23801	23802	0.0	0.0	0.0	0.0
ptg000109l	23901	23902	0.0	0.0	0.0	1.0
ptg000109l	24001	24002	0.0	0.0	0.0	0.0
ptg000109l	24101	24102	0.0	1.0	0.0	0.0
ptg000109l	24201	24202	1.0	0.0	0.0	0.0
ptg000109l	24301	24302	1.0	2.0	0.0	0.0
ptg000109l	24401	24402	5.0	2.0	0.0	0.0
ptg000109l	24501	24502	0.0	0.0	0.0	0.0
ptg000109l	24601	24602	0.0	0.0	0.0	0.0
ptg000109l	24701	24702	0.0	0.0	0.0	0.0
ptg000109l	24801	24802	0.0	0.0	1.0	0.0
ptg000109l	24901	24902	2.0	0.0	0.0	0.0
ptg000109l	25001	25002	6.0	1.0	2.0	0.0
ptg000109l	25101	25102	0.0	1.0	2.0	0.0
ptg000109l	25201	25202	1.0	0.0	1.0	0.0
ptg000109l	25301	25302	7.0	6.0	5.0	1.0
ptg000109l	25401	25402	6.0	8.0	5.0	1.0
ptg000109l	25501	25502	3.0	2.0	2.0	1.0
ptg000109l	25601	25602	13.0	14.0	10.0	5.0
ptg000109l	25701	25702	47.0	36.0	26.0	23.0
ptg000109l	25801	25802	40.0	40.0	35.0	27.0
ptg000109l	25901	25902	8.0	14.0	12.0	12.0
ptg000109l	26001	26002	16.0	16.0	11.0	17.0
ptg000109l	26101	26102	46.0	45.0	36.0	43.0
ptg000109l	26201	26202	32.0	31.0	24.0	32.0
ptg000109l	26301	26302	7.0	11.0	7.0	11.0
ptg000109l	26401	26402	1.0	0.0	1.0	3.0
ptg000109l	26501	26502	1.0	0.0	0.0	0.0
