#plotCoverage --outRawCounts
#'chr'	'start'	'end'	'S1.dedup.bam'	'S2.dedup.bam'	'S3.dedup.bam'	'S4.dedup.bam'
ptg000031l	1	2	0.0	0.0	0.0	0.0
ptg000031l	101	102	0.0	0.0	0.0	0.0
ptg000031l	201	202	1.0	0.0	0.0	0.0
ptg000031l	301	302	0.0	0.0	0.0	0.0
ptg000031l	401	402	0.0	2.0	0.0	2.0
ptg000031l	501	502	0.0	2.0	0.0	4.0
ptg000031l	601	602	0.0	0.0	0.0	0.0
ptg000031l	701	702	0.0	1.0	2.0	0.0
ptg000031l	801	802	1.0	2.0	2.0	2.0
ptg000031l	901	902	0.0	0.0	0.0	0.0
ptg000031l	1001	1002	0.0	0.0	0.0	0.0
ptg000031l	1101	1102	0.0	1.0	1.0	2.0
ptg000031l	1201	1202	0.0	2.0	1.0	2.0
ptg000031l	1301	1302	2.0	2.0	1.0	0.0
ptg000031l	1401	1402	4.0	5.0	3.0	6.0
ptg000031l	1501	1502	5.0	12.0	8.0	15.0
ptg000031l	1601	1602	2.0	11.0	1.0	9.0
ptg000031l	1701	1702	1.0	5.0	5.0	9.0
ptg000031l	1801	1802	0.0	3.0	2.0	3.0
ptg000031l	1901	1902	31.0	12.0	24.0	14.0
ptg000031l	2001	2002	66.0	37.0	53.0	33.0
ptg000031l	2101	2102	35.0	25.0	31.0	19.0
ptg000031l	2201	2202	3.0	4.0	5.0	2.0
ptg000031l	2301	2302	5.0	6.0	13.0	4.0
ptg000031l	2401	2402	4.0	6.0	12.0	4.0
ptg000031l	2501	2502	0.0	0.0	1.0	0.0
ptg000031l	2601	2602	0.0	0.0	0.0	0.0
ptg000031l	2701	2702	0.0	1.0	0.0	0.0
ptg000031l	2801	2802	1.0	4.0	1.0	0.0
ptg000031l	2901	2902	4.0	5.0	0.0	1.0
ptg000031l	3001	3002	0.0	0.0	0.0	0.0
ptg000031l	3101	3102	0.0	0.0	0.0	0.0
ptg000031l	3201	3202	11.0	4.0	14.0	1.0
ptg000031l	3301	3302	6.0	0.0	1.0	0.0
ptg000031l	3401	3402	7.0	1.0	4.0	0.0
ptg000031l	3501	3502	9.0	3.0	5.0	2.0
ptg000031l	3601	3602	7.0	0.0	1.0	0.0
ptg000031l	3701	3702	6.0	0.0	3.0	0.0
ptg000031l	3801	3802	1.0	0.0	2.0	0.0
ptg000031l	3901	3902	0.0	0.0	1.0	0.0
ptg000031l	4001	4002	7.0	3.0	6.0	2.0
ptg000031l	4101	4102	7.0	2.0	3.0	1.0
ptg000031l	4201	4202	1.0	0.0	1.0	0.0
ptg000031l	4301	4302	2.0	2.0	5.0	2.0
ptg000031l	4401	4402	5.0	0.0	7.0	2.0
ptg000031l	4501	4502	3.0	0.0	5.0	0.0
ptg000031l	4601	4602	1.0	1.0	1.0	2.0
ptg000031l	4701	4702	1.0	1.0	4.0	1.0
ptg000031l	4801	4802	1.0	2.0	3.0	0.0
ptg000031l	4901	4902	0.0	4.0	0.0	1.0
ptg000031l	5001	5002	0.0	3.0	1.0	1.0
ptg000031l	5101	5102	5.0	1.0	7.0	0.0
ptg000031l	5201	5202	3.0	1.0	5.0	0.0
ptg000031l	5301	5302	6.0	1.0	4.0	0.0
ptg000031l	5401	5402	4.0	1.0	4.0	2.0
ptg000031l	5501	5502	2.0	1.0	3.0	3.0
ptg000031l	5601	5602	0.0	1.0	4.0	2.0
ptg000031l	5701	5702	0.0	1.0	2.0	0.0
ptg000031l	5801	5802	3.0	0.0	5.0	10.0
ptg000031l	5901	5902	1.0	1.0	5.0	5.0
ptg000031l	6001	6002	2.0	2.0	1.0	3.0
ptg000031l	6101	6102	3.0	0.0	3.0	1.0
ptg000031l	6201	6202	11.0	0.0	5.0	1.0
ptg000031l	6301	6302	21.0	4.0	9.0	1.0
ptg000031l	6401	6402	23.0	2.0	11.0	4.0
ptg000031l	6501	6502	12.0	2.0	7.0	1.0
ptg000031l	6601	6602	11.0	3.0	8.0	2.0
ptg000031l	6701	6702	14.0	6.0	16.0	4.0
ptg000031l	6801	6802	7.0	3.0	11.0	5.0
ptg000031l	6901	6902	6.0	4.0	9.0	1.0
ptg000031l	7001	7002	6.0	4.0	1.0	3.0
ptg000031l	7101	7102	26.0	20.0	21.0	24.0
ptg000031l	7201	7202	14.0	9.0	2.0	15.0
ptg000031l	7301	7302	2.0	5.0	3.0	5.0
ptg000031l	7401	7402	8.0	15.0	6.0	9.0
ptg000031l	7501	7502	9.0	16.0	9.0	18.0
ptg000031l	7601	7602	3.0	3.0	0.0	1.0
ptg000031l	7701	7702	4.0	3.0	0.0	10.0
ptg000031l	7801	7802	17.0	15.0	10.0	21.0
ptg000031l	7901	7902	20.0	19.0	9.0	27.0
ptg000031l	8001	8002	8.0	7.0	2.0	12.0
ptg000031l	8101	8102	11.0	4.0	5.0	12.0
ptg000031l	8201	8202	22.0	12.0	8.0	25.0
ptg000031l	8301	8302	7.0	4.0	2.0	3.0
ptg000031l	8401	8402	7.0	6.0	7.0	7.0
ptg000031l	8501	8502	13.0	18.0	14.0	13.0
ptg000031l	8601	8602	25.0	26.0	14.0	15.0
ptg000031l	8701	8702	21.0	12.0	13.0	13.0
ptg000031l	8801	8802	7.0	3.0	5.0	2.0
ptg000031l	8901	8902	3.0	1.0	2.0	0.0
ptg000031l	9001	9002	13.0	9.0	7.0	8.0
ptg000031l	9101	9102	15.0	20.0	16.0	16.0
ptg000031l	9201	9202	14.0	21.0	17.0	16.0
ptg000031l	9301	9302	7.0	12.0	8.0	4.0
ptg000031l	9401	9402	2.0	3.0	7.0	6.0
ptg000031l	9501	9502	9.0	9.0	13.0	7.0
ptg000031l	9601	9602	5.0	10.0	5.0	4.0
ptg000031l	9701	9702	10.0	13.0	5.0	5.0
ptg000031l	9801	9802	10.0	14.0	9.0	6.0
ptg000031l	9901	9902	9.0	18.0	11.0	7.0
ptg000031l	10001	10002	11.0	18.0	7.0	9.0
ptg000031l	10101	10102	8.0	18.0	8.0	10.0
ptg000031l	10201	10202	5.0	5.0	4.0	8.0
ptg000031l	10301	10302	0.0	0.0	0.0	0.0
ptg000031l	10401	10402	4.0	5.0	2.0	9.0
ptg000031l	10501	10502	8.0	8.0	4.0	15.0
ptg000031l	10601	10602	8.0	5.0	4.0	6.0
ptg000031l	10701	10702	7.0	0.0	5.0	3.0
ptg000031l	10801	10802	3.0	2.0	5.0	1.0
ptg000031l	10901	10902	7.0	5.0	10.0	4.0
ptg000031l	11001	11002	7.0	8.0	6.0	1.0
ptg000031l	11101	11102	10.0	5.0	11.0	4.0
ptg000031l	11201	11202	3.0	1.0	6.0	2.0
ptg000031l	11301	11302	6.0	5.0	4.0	4.0
ptg000031l	11401	11402	5.0	3.0	4.0	3.0
ptg000031l	11501	11502	0.0	7.0	5.0	5.0
ptg000031l	11601	11602	11.0	14.0	17.0	14.0
ptg000031l	11701	11702	11.0	17.0	13.0	16.0
ptg000031l	11801	11802	10.0	8.0	13.0	11.0
ptg000031l	11901	11902	9.0	1.0	5.0	9.0
ptg000031l	12001	12002	3.0	2.0	1.0	0.0
ptg000031l	12101	12102	15.0	10.0	6.0	9.0
ptg000031l	12201	12202	12.0	10.0	6.0	12.0
ptg000031l	12301	12302	0.0	0.0	0.0	0.0
ptg000031l	12401	12402	8.0	5.0	5.0	5.0
ptg000031l	12501	12502	14.0	9.0	10.0	14.0
ptg000031l	12601	12602	8.0	9.0	9.0	17.0
ptg000031l	12701	12702	3.0	3.0	5.0	9.0
ptg000031l	12801	12802	5.0	4.0	4.0	6.0
ptg000031l	12901	12902	5.0	6.0	4.0	6.0
ptg000031l	13001	13002	13.0	10.0	13.0	19.0
ptg000031l	13101	13102	15.0	12.0	17.0	21.0
ptg000031l	13201	13202	9.0	10.0	7.0	9.0
ptg000031l	13301	13302	3.0	3.0	3.0	7.0
ptg000031l	13401	13402	8.0	4.0	9.0	10.0
ptg000031l	13501	13502	0.0	0.0	0.0	0.0
ptg000031l	13601	13602	2.0	0.0	0.0	1.0
ptg000031l	13701	13702	2.0	5.0	0.0	1.0
ptg000031l	13801	13802	2.0	0.0	0.0	1.0
ptg000031l	13901	13902	2.0	1.0	4.0	1.0
ptg000031l	14001	14002	0.0	0.0	1.0	1.0
ptg000031l	14101	14102	4.0	4.0	2.0	4.0
ptg000031l	14201	14202	2.0	3.0	5.0	1.0
ptg000031l	14301	14302	2.0	4.0	2.0	2.0
ptg000031l	14401	14402	4.0	9.0	5.0	15.0
ptg000031l	14501	14502	25.0	16.0	11.0	25.0
ptg000031l	14601	14602	23.0	21.0	12.0	31.0
ptg000031l	14701	14702	14.0	20.0	15.0	21.0
ptg000031l	14801	14802	8.0	11.0	9.0	6.0
ptg000031l	14901	14902	1.0	2.0	2.0	0.0
ptg000031l	15001	15002	1.0	0.0	2.0	0.0
ptg000031l	15101	15102	1.0	2.0	2.0	0.0
ptg000031l	15201	15202	7.0	8.0	9.0	7.0
ptg000031l	15301	15302	40.0	28.0	25.0	21.0
ptg000031l	15401	15402	19.0	18.0	18.0	19.0
ptg000031l	15501	15502	0.0	0.0	0.0	1.0
ptg000031l	15601	15602	0.0	0.0	0.0	0.0
ptg000031l	15701	15702	3.0	11.0	6.0	3.0
ptg000031l	15801	15802	0.0	0.0	0.0	0.0
ptg000031l	15901	15902	0.0	0.0	0.0	0.0
ptg000031l	16001	16002	0.0	0.0	0.0	0.0
ptg000031l	16101	16102	1.0	0.0	0.0	2.0
ptg000031l	16201	16202	2.0	0.0	0.0	4.0
ptg000031l	16301	16302	3.0	0.0	1.0	1.0
ptg000031l	16401	16402	0.0	0.0	0.0	0.0
ptg000031l	16501	16502	4.0	2.0	5.0	2.0
ptg000031l	16601	16602	12.0	5.0	8.0	5.0
ptg000031l	16701	16702	1.0	3.0	2.0	0.0
ptg000031l	16801	16802	11.0	2.0	6.0	3.0
ptg000031l	16901	16902	12.0	1.0	8.0	2.0
ptg000031l	17001	17002	12.0	1.0	6.0	0.0
ptg000031l	17101	17102	3.0	0.0	5.0	0.0
ptg000031l	17201	17202	0.0	0.0	0.0	0.0
ptg000031l	17301	17302	3.0	1.0	2.0	0.0
ptg000031l	17401	17402	7.0	6.0	12.0	1.0
ptg000031l	17501	17502	3.0	2.0	9.0	0.0
ptg000031l	17601	17602	2.0	0.0	3.0	0.0
ptg000031l	17701	17702	7.0	2.0	3.0	2.0
ptg000031l	17801	17802	1.0	1.0	0.0	1.0
ptg000031l	17901	17902	1.0	0.0	0.0	0.0
ptg000031l	18001	18002	1.0	0.0	1.0	0.0
ptg000031l	18101	18102	2.0	2.0	3.0	1.0
ptg000031l	18201	18202	0.0	1.0	2.0	0.0
ptg000031l	18301	18302	1.0	2.0	2.0	1.0
ptg000031l	18401	18402	0.0	1.0	0.0	0.0
ptg000031l	18501	18502	1.0	2.0	4.0	0.0
ptg000031l	18601	18602	2.0	1.0	3.0	0.0
ptg000031l	18701	18702	7.0	1.0	2.0	0.0
ptg000031l	18801	18802	3.0	1.0	3.0	0.0
ptg000031l	18901	18902	4.0	0.0	1.0	0.0
ptg000031l	19001	19002	4.0	2.0	4.0	1.0
ptg000031l	19101	19102	1.0	0.0	3.0	0.0
ptg000031l	19201	19202	4.0	1.0	5.0	1.0
ptg000031l	19301	19302	3.0	2.0	5.0	0.0
ptg000031l	19401	19402	3.0	1.0	4.0	0.0
ptg000031l	19501	19502	8.0	0.0	4.0	2.0
ptg000031l	19601	19602	10.0	2.0	8.0	2.0
ptg000031l	19701	19702	12.0	2.0	7.0	2.0
ptg000031l	19801	19802	9.0	3.0	5.0	3.0
ptg000031l	19901	19902	3.0	1.0	2.0	3.0
ptg000031l	20001	20002	5.0	2.0	6.0	1.0
ptg000031l	20101	20102	1.0	0.0	1.0	0.0
ptg000031l	20201	20202	1.0	1.0	2.0	1.0
ptg000031l	20301	20302	1.0	0.0	2.0	0.0
ptg000031l	20401	20402	15.0	12.0	18.0	24.0
ptg000031l	20501	20502	4.0	4.0	4.0	5.0
ptg000031l	20601	20602	2.0	0.0	1.0	0.0
ptg000031l	20701	20702	3.0	3.0	5.0	3.0
ptg000031l	20801	20802	4.0	8.0	5.0	10.0
ptg000031l	20901	20902	2.0	5.0	4.0	3.0
ptg000031l	21001	21002	14.0	15.0	10.0	19.0
ptg000031l	21101	21102	0.0	0.0	0.0	0.0
ptg000031l	21201	21202	0.0	0.0	0.0	0.0
ptg000031l	21301	21302	1.0	0.0	3.0	1.0
ptg000031l	21401	21402	0.0	0.0	0.0	0.0
ptg000031l	21501	21502	0.0	0.0	0.0	3.0
ptg000031l	21601	21602	0.0	0.0	0.0	0.0
ptg000031l	21701	21702	3.0	3.0	0.0	0.0
ptg000031l	21801	21802	19.0	27.0	17.0	16.0
ptg000031l	21901	21902	0.0	0.0	0.0	0.0
ptg000031l	22001	22002	0.0	1.0	0.0	0.0
ptg000031l	22101	22102	0.0	1.0	0.0	0.0
ptg000031l	22201	22202	1.0	2.0	4.0	1.0
ptg000031l	22301	22302	8.0	5.0	8.0	6.0
ptg000031l	22401	22402	18.0	8.0	10.0	14.0
ptg000031l	22501	22502	9.0	7.0	5.0	8.0
ptg000031l	22601	22602	7.0	7.0	8.0	7.0
ptg000031l	22701	22702	16.0	10.0	16.0	17.0
ptg000031l	22801	22802	13.0	6.0	14.0	14.0
ptg000031l	22901	22902	4.0	2.0	4.0	6.0
ptg000031l	23001	23002	2.0	0.0	1.0	0.0
ptg000031l	23101	23102	0.0	0.0	0.0	0.0
ptg000031l	23201	23202	5.0	3.0	3.0	9.0
ptg000031l	23301	23302	2.0	0.0	0.0	4.0
ptg000031l	23401	23402	0.0	0.0	1.0	1.0
ptg000031l	23501	23502	0.0	1.0	2.0	2.0
ptg000031l	23601	23602	0.0	0.0	0.0	0.0
ptg000031l	23701	23702	1.0	1.0	1.0	1.0
ptg000031l	23801	23802	2.0	0.0	1.0	1.0
ptg000031l	23901	23902	0.0	0.0	0.0	0.0
ptg000031l	24001	24002	33.0	34.0	30.0	29.0
ptg000031l	24101	24102	28.0	31.0	26.0	16.0
ptg000031l	24201	24202	25.0	10.0	24.0	2.0
ptg000031l	24301	24302	32.0	7.0	26.0	4.0
ptg000031l	24401	24402	26.0	6.0	18.0	5.0
ptg000031l	24501	24502	20.0	7.0	11.0	3.0
ptg000031l	24601	24602	11.0	2.0	1.0	1.0
ptg000031l	24701	24702	11.0	3.0	10.0	2.0
ptg000031l	24801	24802	5.0	0.0	5.0	0.0
ptg000031l	24901	24902	7.0	3.0	8.0	0.0
ptg000031l	25001	25002	12.0	7.0	4.0	0.0
ptg000031l	25101	25102	0.0	0.0	1.0	0.0
ptg000031l	25201	25202	1.0	0.0	1.0	0.0
ptg000031l	25301	25302	1.0	0.0	1.0	0.0
ptg000031l	25401	25402	4.0	0.0	1.0	1.0
ptg000031l	25501	25502	29.0	21.0	28.0	28.0
ptg000031l	25601	25602	44.0	34.0	38.0	46.0
ptg000031l	25701	25702	46.0	34.0	38.0	46.0
ptg000031l	25801	25802	48.0	38.0	38.0	44.0
ptg000031l	25901	25902	21.0	16.0	19.0	18.0
ptg000031l	26001	26002	21.0	27.0	37.0	29.0
ptg000031l	26101	26102	10.0	16.0	14.0	15.0
ptg000031l	26201	26202	1.0	1.0	1.0	0.0
ptg000031l	26301	26302	6.0	8.0	7.0	13.0
ptg000031l	26401	26402	23.0	34.0	22.0	42.0
ptg000031l	26501	26502	19.0	33.0	24.0	41.0
ptg000031l	26601	26602	0.0	2.0	0.0	1.0
ptg000031l	26701	26702	0.0	3.0	7.0	0.0
ptg000031l	26801	26802	1.0	2.0	10.0	2.0
ptg000031l	26901	26902	0.0	3.0	9.0	2.0
ptg000031l	27001	27002	1.0	1.0	11.0	2.0
ptg000031l	27101	27102	0.0	0.0	4.0	0.0
ptg000031l	27201	27202	1.0	2.0	2.0	1.0
ptg000031l	27301	27302	2.0	0.0	4.0	1.0
ptg000031l	27401	27402	8.0	2.0	9.0	1.0
ptg000031l	27501	27502	2.0	0.0	6.0	2.0
ptg000031l	27601	27602	3.0	0.0	8.0	0.0
ptg000031l	27701	27702	4.0	3.0	9.0	0.0
ptg000031l	27801	27802	4.0	2.0	7.0	0.0
ptg000031l	27901	27902	1.0	1.0	1.0	0.0
ptg000031l	28001	28002	2.0	2.0	2.0	0.0
ptg000031l	28101	28102	1.0	1.0	1.0	0.0
ptg000031l	28201	28202	0.0	0.0	2.0	0.0
ptg000031l	28301	28302	4.0	0.0	8.0	1.0
ptg000031l	28401	28402	9.0	3.0	14.0	1.0
ptg000031l	28501	28502	14.0	12.0	22.0	7.0
ptg000031l	28601	28602	9.0	14.0	19.0	8.0
ptg000031l	28701	28702	11.0	12.0	12.0	10.0
ptg000031l	28801	28802	3.0	1.0	7.0	0.0
ptg000031l	28901	28902	4.0	0.0	5.0	1.0
ptg000031l	29001	29002	15.0	4.0	11.0	5.0
ptg000031l	29101	29102	6.0	0.0	3.0	0.0
ptg000031l	29201	29202	1.0	0.0	0.0	0.0
ptg000031l	29301	29302	1.0	1.0	0.0	2.0
ptg000031l	29401	29402	0.0	0.0	0.0	0.0
ptg000031l	29501	29502	0.0	0.0	2.0	0.0
ptg000031l	29601	29602	0.0	3.0	0.0	0.0
ptg000031l	29701	29702	3.0	4.0	8.0	4.0
ptg000031l	29801	29802	3.0	1.0	12.0	6.0
ptg000031l	29901	29902	5.0	1.0	7.0	4.0
ptg000031l	30001	30002	5.0	2.0	10.0	4.0
ptg000031l	30101	30102	9.0	2.0	6.0	0.0
ptg000031l	30201	30202	10.0	4.0	6.0	2.0
ptg000031l	30301	30302	5.0	1.0	3.0	0.0
ptg000031l	30401	30402	8.0	0.0	7.0	1.0
ptg000031l	30501	30502	1.0	0.0	2.0	0.0
ptg000031l	30601	30602	1.0	0.0	0.0	0.0
ptg000031l	30701	30702	0.0	0.0	0.0	0.0
ptg000031l	30801	30802	0.0	0.0	0.0	0.0
ptg000031l	30901	30902	0.0	0.0	0.0	0.0
ptg000031l	31001	31002	0.0	0.0	3.0	0.0
ptg000031l	31101	31102	6.0	3.0	2.0	2.0
ptg000031l	31201	31202	8.0	3.0	1.0	0.0
ptg000031l	31301	31302	3.0	3.0	3.0	0.0
ptg000031l	31401	31402	4.0	4.0	3.0	0.0
ptg000031l	31501	31502	2.0	2.0	3.0	0.0
ptg000031l	31601	31602	3.0	0.0	2.0	2.0
ptg000031l	31701	31702	4.0	0.0	2.0	4.0
ptg000031l	31801	31802	3.0	1.0	5.0	6.0
ptg000031l	31901	31902	2.0	0.0	7.0	4.0
ptg000031l	32001	32002	6.0	0.0	6.0	2.0
ptg000031l	32101	32102	10.0	2.0	3.0	4.0
ptg000031l	32201	32202	9.0	3.0	4.0	2.0
ptg000031l	32301	32302	7.0	4.0	3.0	1.0
ptg000031l	32401	32402	5.0	2.0	5.0	2.0
ptg000031l	32501	32502	2.0	1.0	3.0	0.0
ptg000031l	32601	32602	0.0	1.0	3.0	0.0
ptg000031l	32701	32702	2.0	3.0	1.0	0.0
ptg000031l	32801	32802	1.0	1.0	0.0	0.0
ptg000031l	32901	32902	2.0	1.0	0.0	1.0
ptg000031l	33001	33002	3.0	2.0	3.0	0.0
ptg000031l	33101	33102	2.0	3.0	3.0	0.0
ptg000031l	33201	33202	0.0	0.0	2.0	1.0
ptg000031l	33301	33302	0.0	0.0	0.0	0.0
ptg000031l	33401	33402	0.0	0.0	1.0	0.0
ptg000031l	33501	33502	12.0	16.0	14.0	19.0
ptg000031l	33601	33602	5.0	3.0	7.0	6.0
ptg000031l	33701	33702	3.0	7.0	14.0	12.0
ptg000031l	33801	33802	2.0	5.0	7.0	8.0
ptg000031l	33901	33902	4.0	7.0	6.0	12.0
ptg000031l	34001	34002	9.0	8.0	9.0	17.0
ptg000031l	34101	34102	0.0	0.0	0.0	0.0
ptg000031l	34201	34202	1.0	1.0	1.0	2.0
ptg000031l	34301	34302	11.0	6.0	5.0	10.0
ptg000031l	34401	34402	14.0	10.0	3.0	12.0
ptg000031l	34501	34502	3.0	5.0	3.0	7.0
ptg000031l	34601	34602	1.0	4.0	1.0	2.0
ptg000031l	34701	34702	3.0	1.0	0.0	0.0
ptg000031l	34801	34802	0.0	2.0	6.0	4.0
ptg000031l	34901	34902	3.0	12.0	11.0	10.0
ptg000031l	35001	35002	5.0	7.0	9.0	7.0
ptg000031l	35101	35102	8.0	11.0	14.0	14.0
ptg000031l	35201	35202	4.0	12.0	8.0	13.0
ptg000031l	35301	35302	4.0	18.0	9.0	12.0
ptg000031l	35401	35402	1.0	4.0	2.0	1.0
ptg000031l	35501	35502	2.0	14.0	4.0	12.0
ptg000031l	35601	35602	11.0	25.0	12.0	17.0
ptg000031l	35701	35702	7.0	20.0	10.0	17.0
ptg000031l	35801	35802	5.0	5.0	6.0	14.0
ptg000031l	35901	35902	6.0	8.0	6.0	12.0
ptg000031l	36001	36002	9.0	15.0	11.0	9.0
ptg000031l	36101	36102	14.0	15.0	17.0	9.0
ptg000031l	36201	36202	14.0	13.0	23.0	25.0
ptg000031l	36301	36302	9.0	17.0	12.0	21.0
ptg000031l	36401	36402	22.0	19.0	24.0	13.0
ptg000031l	36501	36502	20.0	20.0	25.0	18.0
ptg000031l	36601	36602	11.0	19.0	22.0	15.0
ptg000031l	36701	36702	9.0	16.0	19.0	20.0
ptg000031l	36801	36802	17.0	25.0	25.0	28.0
ptg000031l	36901	36902	30.0	24.0	19.0	34.0
ptg000031l	37001	37002	33.0	22.0	22.0	35.0
ptg000031l	37101	37102	22.0	23.0	21.0	25.0
ptg000031l	37201	37202	9.0	23.0	19.0	16.0
ptg000031l	37301	37302	0.0	6.0	4.0	9.0
ptg000031l	37401	37402	4.0	3.0	1.0	8.0
ptg000031l	37501	37502	6.0	13.0	4.0	19.0
ptg000031l	37601	37602	11.0	20.0	4.0	25.0
ptg000031l	37701	37702	10.0	17.0	6.0	22.0
ptg000031l	37801	37802	11.0	16.0	11.0	25.0
ptg000031l	37901	37902	6.0	7.0	5.0	17.0
ptg000031l	38001	38002	8.0	10.0	11.0	17.0
ptg000031l	38101	38102	17.0	21.0	17.0	24.0
ptg000031l	38201	38202	7.0	8.0	11.0	12.0
ptg000031l	38301	38302	0.0	0.0	0.0	0.0
ptg000031l	38401	38402	24.0	26.0	27.0	20.0
ptg000031l	38501	38502	28.0	37.0	28.0	30.0
ptg000031l	38601	38602	3.0	12.0	13.0	9.0
ptg000031l	38701	38702	0.0	3.0	2.0	0.0
ptg000031l	38801	38802	1.0	0.0	0.0	0.0
ptg000031l	38901	38902	0.0	0.0	0.0	0.0
ptg000031l	39001	39002	2.0	4.0	7.0	5.0
ptg000031l	39101	39102	3.0	1.0	3.0	5.0
ptg000031l	39201	39202	1.0	0.0	0.0	0.0
ptg000031l	39301	39302	0.0	1.0	0.0	0.0
ptg000031l	39401	39402	4.0	3.0	3.0	1.0
ptg000031l	39501	39502	2.0	1.0	1.0	0.0
ptg000031l	39601	39602	1.0	3.0	0.0	3.0
ptg000031l	39701	39702	1.0	6.0	2.0	7.0
ptg000031l	39801	39802	3.0	1.0	8.0	7.0
ptg000031l	39901	39902	2.0	2.0	3.0	1.0
ptg000031l	40001	40002	6.0	7.0	3.0	1.0
ptg000031l	40101	40102	2.0	2.0	0.0	2.0
ptg000031l	40201	40202	3.0	3.0	3.0	6.0
ptg000031l	40301	40302	8.0	3.0	6.0	16.0
ptg000031l	40401	40402	9.0	3.0	9.0	10.0
ptg000031l	40501	40502	5.0	0.0	5.0	5.0
ptg000031l	40601	40602	3.0	1.0	1.0	1.0
ptg000031l	40701	40702	2.0	1.0	1.0	6.0
ptg000031l	40801	40802	7.0	3.0	7.0	10.0
ptg000031l	40901	40902	7.0	3.0	4.0	9.0
ptg000031l	41001	41002	3.0	1.0	0.0	4.0
ptg000031l	41101	41102	2.0	5.0	3.0	9.0
ptg000031l	41201	41202	4.0	10.0	7.0	13.0
ptg000031l	41301	41302	6.0	11.0	5.0	9.0
ptg000031l	41401	41402	0.0	5.0	3.0	1.0
ptg000031l	41501	41502	0.0	0.0	1.0	0.0
ptg000031l	41601	41602	0.0	0.0	0.0	0.0
ptg000031l	41701	41702	0.0	2.0	1.0	1.0
ptg000031l	41801	41802	0.0	0.0	1.0	0.0
ptg000031l	41901	41902	7.0	6.0	7.0	6.0
ptg000031l	42001	42002	10.0	8.0	6.0	5.0
ptg000031l	42101	42102	4.0	2.0	3.0	3.0
ptg000031l	42201	42202	0.0	1.0	0.0	1.0
ptg000031l	42301	42302	0.0	1.0	0.0	1.0
ptg000031l	42401	42402	10.0	6.0	5.0	3.0
ptg000031l	42501	42502	7.0	12.0	5.0	5.0
ptg000031l	42601	42602	5.0	11.0	9.0	4.0
ptg000031l	42701	42702	4.0	5.0	6.0	6.0
ptg000031l	42801	42802	2.0	2.0	4.0	3.0
ptg000031l	42901	42902	1.0	0.0	0.0	0.0
ptg000031l	43001	43002	1.0	0.0	0.0	0.0
ptg000031l	43101	43102	0.0	1.0	1.0	0.0
ptg000031l	43201	43202	8.0	3.0	8.0	1.0
ptg000031l	43301	43302	1.0	3.0	2.0	0.0
ptg000031l	43401	43402	7.0	4.0	8.0	1.0
ptg000031l	43501	43502	5.0	3.0	8.0	1.0
ptg000031l	43601	43602	4.0	3.0	1.0	0.0
ptg000031l	43701	43702	4.0	3.0	3.0	0.0
ptg000031l	43801	43802	1.0	2.0	3.0	0.0
ptg000031l	43901	43902	3.0	2.0	1.0	0.0
ptg000031l	44001	44002	3.0	1.0	2.0	0.0
ptg000031l	44101	44102	3.0	0.0	1.0	0.0
ptg000031l	44201	44202	1.0	0.0	0.0	0.0
ptg000031l	44301	44302	1.0	1.0	2.0	1.0
ptg000031l	44401	44402	1.0	0.0	1.0	0.0
ptg000031l	44501	44502	1.0	0.0	1.0	1.0
ptg000031l	44601	44602	0.0	3.0	2.0	4.0
ptg000031l	44701	44702	0.0	1.0	1.0	2.0
ptg000031l	44801	44802	27.0	10.0	26.0	12.0
ptg000031l	44901	44902	7.0	5.0	13.0	3.0
ptg000031l	45001	45002	0.0	0.0	0.0	0.0
ptg000031l	45101	45102	68.0	40.0	54.0	38.0
ptg000031l	45201	45202	115.0	66.0	87.0	50.0
ptg000031l	45301	45302	66.0	28.0	77.0	32.0
ptg000031l	45401	45402	47.0	25.0	61.0	29.0
ptg000031l	45501	45502	15.0	6.0	25.0	15.0
ptg000031l	45601	45602	0.0	1.0	1.0	0.0
ptg000031l	45701	45702	18.0	9.0	20.0	10.0
ptg000031l	45801	45802	34.0	17.0	45.0	9.0
ptg000031l	45901	45902	35.0	21.0	34.0	17.0
ptg000031l	46001	46002	38.0	17.0	33.0	18.0
ptg000031l	46101	46102	36.0	19.0	24.0	20.0
ptg000031l	46201	46202	17.0	11.0	15.0	14.0
ptg000031l	46301	46302	11.0	9.0	10.0	8.0
ptg000031l	46401	46402	20.0	14.0	14.0	12.0
ptg000031l	46501	46502	32.0	15.0	21.0	11.0
ptg000031l	46601	46602	24.0	12.0	19.0	10.0
ptg000031l	46701	46702	5.0	6.0	6.0	6.0
ptg000031l	46801	46802	1.0	8.0	9.0	7.0
ptg000031l	46901	46902	3.0	6.0	1.0	4.0
ptg000031l	47001	47002	0.0	1.0	1.0	0.0
ptg000031l	47101	47102	3.0	3.0	4.0	7.0
ptg000031l	47201	47202	5.0	5.0	13.0	12.0
ptg000031l	47301	47302	24.0	8.0	21.0	10.0
ptg000031l	47401	47402	16.0	5.0	11.0	0.0
ptg000031l	47501	47502	4.0	0.0	2.0	0.0
ptg000031l	47601	47602	16.0	5.0	22.0	15.0
ptg000031l	47701	47702	6.0	3.0	7.0	7.0
ptg000031l	47801	47802	3.0	0.0	0.0	0.0
ptg000031l	47901	47902	4.0	3.0	3.0	0.0
ptg000031l	48001	48002	6.0	5.0	5.0	3.0
ptg000031l	48101	48102	0.0	0.0	0.0	0.0
ptg000031l	48201	48202	1.0	2.0	2.0	6.0
ptg000031l	48301	48302	20.0	28.0	27.0	21.0
ptg000031l	48401	48402	7.0	13.0	15.0	12.0
ptg000031l	48501	48502	3.0	12.0	7.0	5.0
ptg000031l	48601	48602	7.0	9.0	5.0	6.0
ptg000031l	48701	48702	3.0	5.0	4.0	9.0
ptg000031l	48801	48802	14.0	13.0	9.0	13.0
ptg000031l	48901	48902	17.0	16.0	12.0	15.0
ptg000031l	49001	49002	2.0	4.0	1.0	2.0
ptg000031l	49101	49102	3.0	4.0	1.0	2.0
ptg000031l	49201	49202	1.0	2.0	0.0	1.0
ptg000031l	49301	49302	0.0	3.0	1.0	3.0
ptg000031l	49401	49402	5.0	3.0	3.0	5.0
ptg000031l	49501	49502	9.0	6.0	10.0	8.0
ptg000031l	49601	49602	14.0	6.0	10.0	9.0
ptg000031l	49701	49702	4.0	5.0	8.0	8.0
ptg000031l	49801	49802	7.0	11.0	5.0	8.0
ptg000031l	49901	49902	8.0	15.0	9.0	8.0
ptg000031l	50001	50002	10.0	17.0	8.0	12.0
ptg000031l	50101	50102	5.0	8.0	4.0	6.0
ptg000031l	50201	50202	11.0	21.0	10.0	9.0
ptg000031l	50301	50302	13.0	20.0	16.0	12.0
ptg000031l	50401	50402	4.0	10.0	7.0	5.0
ptg000031l	50501	50502	3.0	5.0	4.0	3.0
ptg000031l	50601	50602	1.0	1.0	2.0	2.0
ptg000031l	50701	50702	1.0	0.0	0.0	0.0
ptg000031l	50801	50802	0.0	0.0	0.0	0.0
ptg000031l	50901	50902	6.0	4.0	5.0	3.0
ptg000031l	51001	51002	22.0	11.0	12.0	9.0
ptg000031l	51101	51102	31.0	21.0	30.0	13.0
ptg000031l	51201	51202	28.0	24.0	35.0	12.0
ptg000031l	51301	51302	31.0	22.0	36.0	15.0
ptg000031l	51401	51402	9.0	10.0	12.0	5.0
ptg000031l	51501	51502	14.0	8.0	13.0	2.0
ptg000031l	51601	51602	20.0	8.0	20.0	3.0
ptg000031l	51701	51702	2.0	1.0	3.0	2.0
ptg000031l	51801	51802	3.0	2.0	6.0	0.0
ptg000031l	51901	51902	1.0	1.0	1.0	0.0
ptg000031l	52001	52002	0.0	0.0	2.0	1.0
ptg000031l	52101	52102	0.0	0.0	1.0	0.0
ptg000031l	52201	52202	1.0	6.0	3.0	6.0
ptg000031l	52301	52302	32.0	20.0	32.0	22.0
ptg000031l	52401	52402	23.0	4.0	16.0	8.0
ptg000031l	52501	52502	8.0	3.0	8.0	0.0
ptg000031l	52601	52602	20.0	9.0	25.0	7.0
ptg000031l	52701	52702	18.0	9.0	29.0	8.0
ptg000031l	52801	52802	40.0	15.0	33.0	18.0
ptg000031l	52901	52902	36.0	16.0	35.0	16.0
ptg000031l	53001	53002	20.0	9.0	21.0	15.0
ptg000031l	53101	53102	11.0	3.0	12.0	2.0
ptg000031l	53201	53202	6.0	3.0	5.0	3.0
ptg000031l	53301	53302	7.0	4.0	10.0	7.0
ptg000031l	53401	53402	24.0	10.0	16.0	13.0
ptg000031l	53501	53502	29.0	13.0	32.0	17.0
ptg000031l	53601	53602	26.0	13.0	31.0	22.0
ptg000031l	53701	53702	19.0	11.0	26.0	12.0
ptg000031l	53801	53802	23.0	13.0	30.0	11.0
ptg000031l	53901	53902	26.0	14.0	36.0	18.0
ptg000031l	54001	54002	23.0	11.0	25.0	15.0
ptg000031l	54101	54102	0.0	0.0	2.0	1.0
ptg000031l	54201	54202	0.0	0.0	0.0	0.0
ptg000031l	54301	54302	0.0	2.0	4.0	1.0
ptg000031l	54401	54402	3.0	2.0	4.0	2.0
ptg000031l	54501	54502	22.0	12.0	20.0	14.0
ptg000031l	54601	54602	27.0	17.0	30.0	7.0
ptg000031l	54701	54702	16.0	12.0	16.0	3.0
ptg000031l	54801	54802	10.0	3.0	5.0	8.0
ptg000031l	54901	54902	18.0	8.0	14.0	10.0
ptg000031l	55001	55002	17.0	16.0	20.0	8.0
ptg000031l	55101	55102	19.0	5.0	19.0	5.0
ptg000031l	55201	55202	14.0	4.0	14.0	5.0
ptg000031l	55301	55302	6.0	7.0	15.0	14.0
ptg000031l	55401	55402	4.0	8.0	10.0	7.0
ptg000031l	55501	55502	7.0	7.0	8.0	4.0
ptg000031l	55601	55602	5.0	5.0	1.0	4.0
ptg000031l	55701	55702	2.0	2.0	1.0	2.0
ptg000031l	55801	55802	2.0	0.0	2.0	0.0
ptg000031l	55901	55902	4.0	11.0	11.0	7.0
ptg000031l	56001	56002	5.0	9.0	5.0	3.0
ptg000031l	56101	56102	18.0	16.0	13.0	12.0
ptg000031l	56201	56202	18.0	10.0	15.0	8.0
ptg000031l	56301	56302	16.0	3.0	16.0	9.0
ptg000031l	56401	56402	20.0	12.0	25.0	7.0
ptg000031l	56501	56502	20.0	9.0	28.0	7.0
ptg000031l	56601	56602	11.0	4.0	10.0	6.0
ptg000031l	56701	56702	0.0	0.0	0.0	0.0
ptg000031l	56801	56802	13.0	5.0	5.0	7.0
ptg000031l	56901	56902	13.0	4.0	3.0	4.0
ptg000031l	57001	57002	9.0	3.0	6.0	1.0
ptg000031l	57101	57102	6.0	5.0	5.0	3.0
ptg000031l	57201	57202	23.0	9.0	12.0	14.0
ptg000031l	57301	57302	0.0	0.0	2.0	0.0
ptg000031l	57401	57402	30.0	21.0	25.0	10.0
ptg000031l	57501	57502	35.0	22.0	25.0	18.0
ptg000031l	57601	57602	33.0	16.0	36.0	22.0
ptg000031l	57701	57702	23.0	26.0	28.0	18.0
ptg000031l	57801	57802	16.0	15.0	11.0	7.0
ptg000031l	57901	57902	5.0	7.0	5.0	2.0
ptg000031l	58001	58002	0.0	4.0	4.0	0.0
ptg000031l	58101	58102	11.0	7.0	12.0	8.0
ptg000031l	58201	58202	11.0	6.0	14.0	7.0
ptg000031l	58301	58302	15.0	10.0	14.0	5.0
ptg000031l	58401	58402	9.0	9.0	20.0	11.0
ptg000031l	58501	58502	4.0	1.0	7.0	3.0
ptg000031l	58601	58602	1.0	1.0	2.0	0.0
ptg000031l	58701	58702	4.0	3.0	7.0	1.0
ptg000031l	58801	58802	13.0	11.0	14.0	7.0
ptg000031l	58901	58902	3.0	3.0	7.0	5.0
ptg000031l	59001	59002	6.0	2.0	3.0	3.0
ptg000031l	59101	59102	15.0	11.0	17.0	16.0
ptg000031l	59201	59202	17.0	15.0	13.0	10.0
ptg000031l	59301	59302	6.0	3.0	6.0	3.0
ptg000031l	59401	59402	7.0	3.0	3.0	2.0
ptg000031l	59501	59502	9.0	4.0	6.0	2.0
ptg000031l	59601	59602	12.0	1.0	12.0	2.0
ptg000031l	59701	59702	14.0	3.0	4.0	3.0
ptg000031l	59801	59802	10.0	5.0	3.0	5.0
ptg000031l	59901	59902	10.0	8.0	5.0	6.0
ptg000031l	60001	60002	2.0	2.0	5.0	3.0
ptg000031l	60101	60102	2.0	4.0	1.0	4.0
ptg000031l	60201	60202	6.0	8.0	10.0	13.0
ptg000031l	60301	60302	8.0	4.0	11.0	9.0
ptg000031l	60401	60402	10.0	6.0	8.0	9.0
ptg000031l	60501	60502	6.0	4.0	6.0	5.0
ptg000031l	60601	60602	3.0	1.0	5.0	0.0
ptg000031l	60701	60702	3.0	0.0	3.0	0.0
ptg000031l	60801	60802	3.0	0.0	0.0	0.0
ptg000031l	60901	60902	4.0	2.0	9.0	1.0
ptg000031l	61001	61002	5.0	6.0	6.0	6.0
ptg000031l	61101	61102	0.0	0.0	0.0	1.0
ptg000031l	61201	61202	2.0	3.0	5.0	1.0
ptg000031l	61301	61302	3.0	4.0	5.0	1.0
ptg000031l	61401	61402	5.0	1.0	2.0	1.0
ptg000031l	61501	61502	22.0	5.0	14.0	5.0
ptg000031l	61601	61602	1.0	2.0	2.0	1.0
ptg000031l	61701	61702	26.0	33.0	25.0	21.0
ptg000031l	61801	61802	30.0	32.0	24.0	40.0
ptg000031l	61901	61902	20.0	16.0	20.0	30.0
ptg000031l	62001	62002	15.0	13.0	18.0	27.0
ptg000031l	62101	62102	6.0	11.0	14.0	16.0
ptg000031l	62201	62202	10.0	10.0	7.0	5.0
ptg000031l	62301	62302	8.0	14.0	8.0	6.0
ptg000031l	62401	62402	3.0	7.0	4.0	5.0
ptg000031l	62501	62502	1.0	0.0	3.0	2.0
ptg000031l	62601	62602	2.0	4.0	7.0	5.0
ptg000031l	62701	62702	5.0	9.0	10.0	7.0
ptg000031l	62801	62802	10.0	9.0	17.0	15.0
ptg000031l	62901	62902	15.0	7.0	10.0	9.0
ptg000031l	63001	63002	15.0	11.0	16.0	11.0
ptg000031l	63101	63102	22.0	19.0	20.0	9.0
ptg000031l	63201	63202	23.0	11.0	16.0	13.0
ptg000031l	63301	63302	16.0	16.0	22.0	13.0
ptg000031l	63401	63402	22.0	18.0	20.0	17.0
ptg000031l	63501	63502	16.0	15.0	19.0	19.0
ptg000031l	63601	63602	10.0	12.0	10.0	13.0
ptg000031l	63701	63702	0.0	1.0	0.0	0.0
ptg000031l	63801	63802	2.0	4.0	3.0	1.0
ptg000031l	63901	63902	9.0	16.0	18.0	9.0
ptg000031l	64001	64002	2.0	2.0	4.0	0.0
ptg000031l	64101	64102	10.0	5.0	19.0	7.0
ptg000031l	64201	64202	30.0	24.0	45.0	6.0
ptg000031l	64301	64302	0.0	0.0	3.0	2.0
ptg000031l	64401	64402	16.0	8.0	21.0	6.0
ptg000031l	64501	64502	3.0	4.0	4.0	5.0
ptg000031l	64601	64602	1.0	0.0	0.0	1.0
ptg000031l	64701	64702	6.0	8.0	0.0	4.0
ptg000031l	64801	64802	9.0	15.0	3.0	9.0
ptg000031l	64901	64902	2.0	5.0	0.0	4.0
ptg000031l	65001	65002	1.0	2.0	0.0	1.0
ptg000031l	65101	65102	5.0	7.0	4.0	4.0
ptg000031l	65201	65202	4.0	11.0	2.0	4.0
ptg000031l	65301	65302	5.0	8.0	2.0	7.0
ptg000031l	65401	65402	4.0	6.0	4.0	5.0
ptg000031l	65501	65502	1.0	4.0	1.0	3.0
ptg000031l	65601	65602	3.0	3.0	4.0	1.0
ptg000031l	65701	65702	2.0	8.0	7.0	6.0
ptg000031l	65801	65802	3.0	2.0	2.0	2.0
ptg000031l	65901	65902	0.0	0.0	1.0	0.0
ptg000031l	66001	66002	0.0	0.0	1.0	0.0
ptg000031l	66101	66102	3.0	6.0	9.0	2.0
ptg000031l	66201	66202	3.0	1.0	3.0	0.0
ptg000031l	66301	66302	2.0	3.0	0.0	0.0
ptg000031l	66401	66402	23.0	32.0	11.0	27.0
ptg000031l	66501	66502	8.0	14.0	5.0	8.0
ptg000031l	66601	66602	1.0	0.0	0.0	2.0
ptg000031l	66701	66702	2.0	6.0	2.0	9.0
ptg000031l	66801	66802	6.0	13.0	13.0	13.0
ptg000031l	66901	66902	11.0	17.0	15.0	11.0
ptg000031l	67001	67002	3.0	18.0	4.0	17.0
ptg000031l	67101	67102	7.0	14.0	5.0	20.0
ptg000031l	67201	67202	4.0	2.0	1.0	8.0
ptg000031l	67301	67302	0.0	0.0	0.0	1.0
ptg000031l	67401	67402	0.0	1.0	0.0	1.0
ptg000031l	67501	67502	1.0	3.0	2.0	5.0
ptg000031l	67601	67602	3.0	4.0	2.0	8.0
ptg000031l	67701	67702	25.0	4.0	16.0	19.0
ptg000031l	67801	67802	23.0	9.0	27.0	15.0
ptg000031l	67901	67902	2.0	3.0	2.0	0.0
ptg000031l	68001	68002	0.0	9.0	0.0	3.0
ptg000031l	68101	68102	1.0	4.0	2.0	10.0
ptg000031l	68201	68202	7.0	14.0	6.0	9.0
ptg000031l	68301	68302	20.0	27.0	24.0	16.0
ptg000031l	68401	68402	1.0	5.0	3.0	4.0
ptg000031l	68501	68502	1.0	4.0	1.0	6.0
ptg000031l	68601	68602	1.0	5.0	1.0	4.0
ptg000031l	68701	68702	0.0	3.0	1.0	2.0
ptg000031l	68801	68802	0.0	2.0	1.0	3.0
ptg000031l	68901	68902	0.0	0.0	0.0	0.0
ptg000031l	69001	69002	0.0	0.0	0.0	0.0
ptg000031l	69101	69102	5.0	5.0	3.0	10.0
ptg000031l	69201	69202	8.0	9.0	9.0	14.0
ptg000031l	69301	69302	3.0	3.0	4.0	3.0
ptg000031l	69401	69402	0.0	0.0	0.0	3.0
ptg000031l	69501	69502	0.0	0.0	0.0	2.0
ptg000031l	69601	69602	1.0	1.0	0.0	4.0
ptg000031l	69701	69702	8.0	9.0	2.0	18.0
ptg000031l	69801	69802	8.0	5.0	3.0	8.0
ptg000031l	69901	69902	0.0	0.0	0.0	0.0
ptg000031l	70001	70002	3.0	2.0	1.0	5.0
ptg000031l	70101	70102	17.0	4.0	7.0	8.0
ptg000031l	70201	70202	0.0	0.0	1.0	0.0
ptg000031l	70301	70302	3.0	5.0	3.0	2.0
ptg000031l	70401	70402	1.0	1.0	4.0	0.0
ptg000031l	70501	70502	2.0	0.0	5.0	2.0
ptg000031l	70601	70602	3.0	4.0	5.0	7.0
ptg000031l	70701	70702	59.0	49.0	57.0	45.0
ptg000031l	70801	70802	67.0	66.0	74.0	55.0
ptg000031l	70901	70902	68.0	60.0	59.0	57.0
ptg000031l	71001	71002	59.0	55.0	54.0	72.0
ptg000031l	71101	71102	64.0	47.0	64.0	60.0
ptg000031l	71201	71202	59.0	46.0	50.0	46.0
ptg000031l	71301	71302	51.0	43.0	42.0	59.0
ptg000031l	71401	71402	39.0	20.0	34.0	30.0
ptg000031l	71501	71502	57.0	50.0	55.0	31.0
ptg000031l	71601	71602	44.0	49.0	35.0	34.0
ptg000031l	71701	71702	48.0	48.0	39.0	36.0
ptg000031l	71801	71802	53.0	47.0	45.0	31.0
ptg000031l	71901	71902	43.0	28.0	29.0	20.0
ptg000031l	72001	72002	56.0	32.0	37.0	36.0
ptg000031l	72101	72102	65.0	64.0	66.0	43.0
ptg000031l	72201	72202	58.0	61.0	70.0	64.0
ptg000031l	72301	72302	64.0	55.0	62.0	37.0
ptg000031l	72401	72402	82.0	64.0	79.0	55.0
ptg000031l	72501	72502	85.0	67.0	93.0	57.0
ptg000031l	72601	72602	87.0	71.0	75.0	63.0
ptg000031l	72701	72702	86.0	74.0	94.0	53.0
ptg000031l	72801	72802	83.0	62.0	81.0	55.0
ptg000031l	72901	72902	69.0	44.0	67.0	55.0
ptg000031l	73001	73002	76.0	47.0	75.0	51.0
ptg000031l	73101	73102	69.0	41.0	56.0	47.0
ptg000031l	73201	73202	47.0	38.0	48.0	30.0
ptg000031l	73301	73302	3.0	6.0	7.0	2.0
ptg000031l	73401	73402	28.0	21.0	21.0	19.0
ptg000031l	73501	73502	44.0	39.0	40.0	41.0
ptg000031l	73601	73602	54.0	34.0	46.0	40.0
ptg000031l	73701	73702	68.0	57.0	72.0	61.0
ptg000031l	73801	73802	77.0	47.0	64.0	58.0
ptg000031l	73901	73902	50.0	38.0	51.0	40.0
ptg000031l	74001	74002	54.0	49.0	56.0	47.0
ptg000031l	74101	74102	51.0	46.0	60.0	40.0
ptg000031l	74201	74202	36.0	39.0	59.0	42.0
ptg000031l	74301	74302	57.0	49.0	64.0	31.0
ptg000031l	74401	74402	65.0	45.0	59.0	35.0
ptg000031l	74501	74502	31.0	18.0	38.0	19.0
ptg000031l	74601	74602	22.0	10.0	24.0	11.0
ptg000031l	74701	74702	14.0	17.0	13.0	13.0
ptg000031l	74801	74802	2.0	4.0	3.0	6.0
ptg000031l	74901	74902	34.0	16.0	22.0	25.0
ptg000031l	75001	75002	36.0	18.0	25.0	17.0
ptg000031l	75101	75102	30.0	19.0	14.0	14.0
ptg000031l	75201	75202	23.0	21.0	20.0	26.0
ptg000031l	75301	75302	31.0	21.0	20.0	22.0
ptg000031l	75401	75402	33.0	21.0	29.0	18.0
ptg000031l	75501	75502	37.0	26.0	36.0	24.0
ptg000031l	75601	75602	21.0	7.0	18.0	10.0
ptg000031l	75701	75702	1.0	0.0	2.0	0.0
ptg000031l	75801	75802	10.0	2.0	7.0	2.0
ptg000031l	75901	75902	27.0	7.0	20.0	8.0
ptg000031l	76001	76002	29.0	10.0	23.0	10.0
ptg000031l	76101	76102	21.0	8.0	21.0	9.0
ptg000031l	76201	76202	27.0	2.0	16.0	7.0
ptg000031l	76301	76302	20.0	5.0	17.0	5.0
ptg000031l	76401	76402	26.0	9.0	25.0	9.0
ptg000031l	76501	76502	33.0	14.0	39.0	10.0
ptg000031l	76601	76602	35.0	16.0	32.0	13.0
ptg000031l	76701	76702	34.0	17.0	22.0	11.0
ptg000031l	76801	76802	28.0	12.0	29.0	10.0
ptg000031l	76901	76902	26.0	14.0	31.0	12.0
ptg000031l	77001	77002	15.0	9.0	29.0	2.0
ptg000031l	77101	77102	16.0	12.0	23.0	6.0
ptg000031l	77201	77202	15.0	4.0	12.0	3.0
ptg000031l	77301	77302	9.0	2.0	12.0	0.0
ptg000031l	77401	77402	17.0	3.0	14.0	1.0
ptg000031l	77501	77502	6.0	2.0	11.0	0.0
ptg000031l	77601	77602	0.0	0.0	1.0	0.0
ptg000031l	77701	77702	5.0	0.0	3.0	0.0
ptg000031l	77801	77802	5.0	0.0	2.0	0.0
ptg000031l	77901	77902	8.0	0.0	3.0	0.0
ptg000031l	78001	78002	5.0	0.0	3.0	0.0
ptg000031l	78101	78102	4.0	1.0	5.0	0.0
ptg000031l	78201	78202	2.0	0.0	4.0	0.0
ptg000031l	78301	78302	12.0	10.0	11.0	6.0
ptg000031l	78401	78402	36.0	28.0	22.0	15.0
ptg000031l	78501	78502	8.0	8.0	6.0	7.0
ptg000031l	78601	78602	23.0	16.0	22.0	21.0
ptg000031l	78701	78702	30.0	26.0	31.0	27.0
ptg000031l	78801	78802	37.0	33.0	38.0	31.0
ptg000031l	78901	78902	19.0	21.0	34.0	28.0
ptg000031l	79001	79002	23.0	21.0	32.0	21.0
ptg000031l	79101	79102	58.0	55.0	68.0	52.0
ptg000031l	79201	79202	48.0	53.0	52.0	45.0
ptg000031l	79301	79302	24.0	27.0	20.0	20.0
ptg000031l	79401	79402	28.0	14.0	24.0	21.0
ptg000031l	79501	79502	11.0	1.0	11.0	10.0
ptg000031l	79601	79602	16.0	17.0	6.0	12.0
ptg000031l	79701	79702	17.0	12.0	5.0	7.0
ptg000031l	79801	79802	21.0	15.0	10.0	2.0
ptg000031l	79901	79902	13.0	9.0	7.0	5.0
ptg000031l	80001	80002	12.0	3.0	9.0	11.0
ptg000031l	80101	80102	4.0	9.0	18.0	11.0
ptg000031l	80201	80202	14.0	10.0	18.0	11.0
ptg000031l	80301	80302	11.0	8.0	12.0	5.0
ptg000031l	80401	80402	3.0	2.0	7.0	5.0
ptg000031l	80501	80502	12.0	8.0	9.0	9.0
ptg000031l	80601	80602	17.0	11.0	9.0	15.0
ptg000031l	80701	80702	11.0	8.0	3.0	9.0
ptg000031l	80801	80802	22.0	18.0	10.0	14.0
ptg000031l	80901	80902	28.0	22.0	14.0	28.0
ptg000031l	81001	81002	36.0	25.0	18.0	22.0
ptg000031l	81101	81102	36.0	18.0	16.0	25.0
ptg000031l	81201	81202	29.0	19.0	14.0	24.0
ptg000031l	81301	81302	37.0	20.0	28.0	25.0
ptg000031l	81401	81402	28.0	33.0	29.0	26.0
ptg000031l	81501	81502	25.0	25.0	23.0	32.0
ptg000031l	81601	81602	32.0	26.0	33.0	41.0
ptg000031l	81701	81702	32.0	28.0	35.0	34.0
ptg000031l	81801	81802	30.0	29.0	39.0	53.0
ptg000031l	81901	81902	40.0	32.0	29.0	45.0
ptg000031l	82001	82002	42.0	36.0	37.0	33.0
ptg000031l	82101	82102	43.0	41.0	44.0	31.0
ptg000031l	82201	82202	44.0	39.0	53.0	36.0
ptg000031l	82301	82302	41.0	32.0	50.0	31.0
ptg000031l	82401	82402	27.0	33.0	33.0	38.0
ptg000031l	82501	82502	24.0	27.0	22.0	27.0
ptg000031l	82601	82602	23.0	12.0	16.0	13.0
ptg000031l	82701	82702	32.0	20.0	21.0	22.0
ptg000031l	82801	82802	18.0	15.0	18.0	13.0
ptg000031l	82901	82902	17.0	7.0	27.0	6.0
ptg000031l	83001	83002	12.0	4.0	10.0	2.0
ptg000031l	83101	83102	9.0	3.0	8.0	2.0
ptg000031l	83201	83202	6.0	1.0	3.0	1.0
ptg000031l	83301	83302	0.0	0.0	1.0	1.0
ptg000031l	83401	83402	7.0	13.0	6.0	5.0
ptg000031l	83501	83502	10.0	8.0	5.0	6.0
ptg000031l	83601	83602	9.0	8.0	4.0	7.0
ptg000031l	83701	83702	8.0	11.0	5.0	5.0
ptg000031l	83801	83802	2.0	2.0	0.0	1.0
ptg000031l	83901	83902	4.0	12.0	6.0	12.0
ptg000031l	84001	84002	12.0	10.0	4.0	13.0
ptg000031l	84101	84102	5.0	5.0	2.0	8.0
ptg000031l	84201	84202	0.0	0.0	0.0	0.0
ptg000031l	84301	84302	0.0	0.0	0.0	0.0
ptg000031l	84401	84402	0.0	0.0	0.0	0.0
ptg000031l	84501	84502	4.0	2.0	2.0	4.0
ptg000031l	84601	84602	10.0	17.0	12.0	12.0
ptg000031l	84701	84702	5.0	6.0	6.0	4.0
ptg000031l	84801	84802	0.0	0.0	0.0	0.0
ptg000031l	84901	84902	7.0	2.0	8.0	8.0
ptg000031l	85001	85002	14.0	3.0	14.0	12.0
ptg000031l	85101	85102	2.0	0.0	2.0	1.0
ptg000031l	85201	85202	10.0	6.0	7.0	6.0
ptg000031l	85301	85302	12.0	3.0	8.0	8.0
ptg000031l	85401	85402	4.0	4.0	6.0	4.0
ptg000031l	85501	85502	18.0	14.0	20.0	12.0
ptg000031l	85601	85602	14.0	8.0	7.0	8.0
ptg000031l	85701	85702	4.0	1.0	2.0	8.0
ptg000031l	85801	85802	3.0	0.0	1.0	0.0
ptg000031l	85901	85902	7.0	4.0	8.0	7.0
ptg000031l	86001	86002	17.0	5.0	17.0	10.0
ptg000031l	86101	86102	3.0	2.0	4.0	1.0
ptg000031l	86201	86202	11.0	8.0	10.0	6.0
ptg000031l	86301	86302	0.0	0.0	0.0	0.0
ptg000031l	86401	86402	4.0	2.0	0.0	7.0
ptg000031l	86501	86502	0.0	4.0	0.0	10.0
ptg000031l	86601	86602	22.0	15.0	13.0	18.0
ptg000031l	86701	86702	7.0	11.0	13.0	19.0
ptg000031l	86801	86802	25.0	24.0	30.0	39.0
ptg000031l	86901	86902	16.0	17.0	21.0	24.0
ptg000031l	87001	87002	1.0	5.0	2.0	12.0
ptg000031l	87101	87102	2.0	5.0	3.0	10.0
ptg000031l	87201	87202	0.0	1.0	3.0	2.0
ptg000031l	87301	87302	3.0	4.0	1.0	4.0
ptg000031l	87401	87402	1.0	7.0	0.0	5.0
ptg000031l	87501	87502	10.0	10.0	8.0	16.0
ptg000031l	87601	87602	23.0	24.0	29.0	31.0
ptg000031l	87701	87702	33.0	23.0	36.0	35.0
ptg000031l	87801	87802	28.0	21.0	25.0	27.0
ptg000031l	87901	87902	22.0	24.0	16.0	19.0
ptg000031l	88001	88002	22.0	25.0	13.0	21.0
ptg000031l	88101	88102	18.0	18.0	13.0	19.0
ptg000031l	88201	88202	12.0	24.0	9.0	13.0
ptg000031l	88301	88302	9.0	19.0	11.0	16.0
ptg000031l	88401	88402	4.0	8.0	4.0	10.0
ptg000031l	88501	88502	6.0	5.0	3.0	11.0
ptg000031l	88601	88602	3.0	6.0	3.0	9.0
ptg000031l	88701	88702	4.0	2.0	4.0	7.0
ptg000031l	88801	88802	3.0	10.0	13.0	12.0
ptg000031l	88901	88902	13.0	13.0	8.0	12.0
ptg000031l	89001	89002	1.0	7.0	1.0	7.0
ptg000031l	89101	89102	19.0	28.0	32.0	20.0
ptg000031l	89201	89202	46.0	62.0	61.0	41.0
ptg000031l	89301	89302	41.0	42.0	51.0	20.0
ptg000031l	89401	89402	38.0	48.0	67.0	24.0
ptg000031l	89501	89502	42.0	35.0	35.0	23.0
ptg000031l	89601	89602	23.0	19.0	20.0	22.0
ptg000031l	89701	89702	5.0	1.0	2.0	2.0
ptg000031l	89801	89802	2.0	4.0	4.0	3.0
ptg000031l	89901	89902	4.0	10.0	6.0	5.0
ptg000031l	90001	90002	18.0	11.0	16.0	12.0
ptg000031l	90101	90102	86.0	44.0	82.0	50.0
ptg000031l	90201	90202	20.0	23.0	31.0	26.0
ptg000031l	90301	90302	3.0	16.0	9.0	10.0
ptg000031l	90401	90402	19.0	20.0	12.0	19.0
ptg000031l	90501	90502	17.0	17.0	13.0	18.0
ptg000031l	90601	90602	9.0	8.0	11.0	16.0
ptg000031l	90701	90702	11.0	3.0	11.0	7.0
ptg000031l	90801	90802	10.0	8.0	7.0	17.0
ptg000031l	90901	90902	8.0	11.0	14.0	9.0
ptg000031l	91001	91002	9.0	11.0	13.0	10.0
ptg000031l	91101	91102	4.0	8.0	2.0	9.0
ptg000031l	91201	91202	5.0	3.0	6.0	11.0
ptg000031l	91301	91302	0.0	0.0	0.0	0.0
ptg000031l	91401	91402	35.0	19.0	21.0	22.0
ptg000031l	91501	91502	24.0	21.0	15.0	16.0
ptg000031l	91601	91602	8.0	10.0	9.0	17.0
ptg000031l	91701	91702	0.0	0.0	0.0	0.0
ptg000031l	91801	91802	9.0	5.0	10.0	2.0
ptg000031l	91901	91902	4.0	5.0	10.0	0.0
ptg000031l	92001	92002	1.0	3.0	5.0	0.0
ptg000031l	92101	92102	3.0	3.0	2.0	0.0
ptg000031l	92201	92202	0.0	0.0	0.0	0.0
ptg000031l	92301	92302	2.0	0.0	1.0	0.0
ptg000031l	92401	92402	7.0	6.0	6.0	6.0
ptg000031l	92501	92502	4.0	2.0	6.0	4.0
ptg000031l	92601	92602	7.0	6.0	9.0	10.0
ptg000031l	92701	92702	5.0	4.0	6.0	2.0
ptg000031l	92801	92802	6.0	6.0	7.0	6.0
ptg000031l	92901	92902	6.0	11.0	12.0	8.0
ptg000031l	93001	93002	1.0	2.0	1.0	1.0
ptg000031l	93101	93102	0.0	0.0	2.0	1.0
ptg000031l	93201	93202	0.0	0.0	2.0	1.0
ptg000031l	93301	93302	0.0	0.0	0.0	0.0
ptg000031l	93401	93402	1.0	1.0	2.0	1.0
ptg000031l	93501	93502	5.0	2.0	4.0	1.0
ptg000031l	93601	93602	10.0	3.0	9.0	0.0
ptg000031l	93701	93702	16.0	7.0	16.0	2.0
ptg000031l	93801	93802	35.0	8.0	22.0	5.0
ptg000031l	93901	93902	26.0	4.0	18.0	2.0
ptg000031l	94001	94002	12.0	0.0	9.0	2.0
ptg000031l	94101	94102	5.0	4.0	3.0	1.0
ptg000031l	94201	94202	10.0	5.0	5.0	1.0
ptg000031l	94301	94302	24.0	7.0	18.0	3.0
ptg000031l	94401	94402	8.0	7.0	13.0	11.0
ptg000031l	94501	94502	0.0	0.0	0.0	0.0
ptg000031l	94601	94602	0.0	0.0	0.0	0.0
ptg000031l	94701	94702	0.0	1.0	0.0	0.0
ptg000031l	94801	94802	9.0	5.0	4.0	3.0
ptg000031l	94901	94902	13.0	4.0	7.0	5.0
ptg000031l	95001	95002	8.0	16.0	21.0	12.0
ptg000031l	95101	95102	4.0	11.0	20.0	16.0
ptg000031l	95201	95202	8.0	9.0	11.0	9.0
ptg000031l	95301	95302	8.0	7.0	6.0	1.0
ptg000031l	95401	95402	12.0	7.0	13.0	7.0
ptg000031l	95501	95502	7.0	2.0	8.0	3.0
ptg000031l	95601	95602	8.0	6.0	12.0	10.0
ptg000031l	95701	95702	17.0	11.0	22.0	14.0
ptg000031l	95801	95802	10.0	12.0	15.0	14.0
ptg000031l	95901	95902	6.0	5.0	5.0	7.0
ptg000031l	96001	96002	5.0	3.0	5.0	7.0
ptg000031l	96101	96102	6.0	3.0	10.0	4.0
ptg000031l	96201	96202	6.0	8.0	4.0	5.0
ptg000031l	96301	96302	8.0	11.0	9.0	5.0
ptg000031l	96401	96402	3.0	0.0	2.0	0.0
ptg000031l	96501	96502	6.0	9.0	4.0	8.0
ptg000031l	96601	96602	21.0	27.0	33.0	30.0
ptg000031l	96701	96702	22.0	16.0	27.0	18.0
ptg000031l	96801	96802	7.0	7.0	6.0	10.0
ptg000031l	96901	96902	11.0	5.0	14.0	18.0
ptg000031l	97001	97002	1.0	2.0	0.0	0.0
ptg000031l	97101	97102	0.0	0.0	0.0	0.0
ptg000031l	97201	97202	5.0	7.0	8.0	7.0
ptg000031l	97301	97302	13.0	17.0	22.0	20.0
ptg000031l	97401	97402	8.0	4.0	15.0	10.0
ptg000031l	97501	97502	4.0	1.0	1.0	3.0
ptg000031l	97601	97602	14.0	10.0	13.0	20.0
ptg000031l	97701	97702	9.0	5.0	12.0	21.0
ptg000031l	97801	97802	1.0	0.0	2.0	0.0
ptg000031l	97901	97902	2.0	4.0	1.0	1.0
ptg000031l	98001	98002	4.0	7.0	5.0	7.0
ptg000031l	98101	98102	6.0	8.0	6.0	7.0
ptg000031l	98201	98202	2.0	0.0	2.0	3.0
ptg000031l	98301	98302	3.0	2.0	2.0	2.0
ptg000031l	98401	98402	1.0	2.0	1.0	1.0
ptg000031l	98501	98502	1.0	1.0	1.0	2.0
ptg000031l	98601	98602	5.0	1.0	4.0	4.0
ptg000031l	98701	98702	13.0	4.0	7.0	12.0
ptg000031l	98801	98802	13.0	2.0	4.0	6.0
ptg000031l	98901	98902	8.0	9.0	9.0	11.0
ptg000031l	99001	99002	1.0	6.0	3.0	12.0
ptg000031l	99101	99102	1.0	0.0	0.0	0.0
ptg000031l	99201	99202	8.0	10.0	3.0	9.0
ptg000031l	99301	99302	13.0	17.0	6.0	11.0
ptg000031l	99401	99402	2.0	2.0	3.0	2.0
ptg000031l	99501	99502	3.0	3.0	2.0	1.0
ptg000031l	99601	99602	7.0	15.0	7.0	10.0
ptg000031l	99701	99702	9.0	14.0	9.0	15.0
ptg000031l	99801	99802	9.0	13.0	12.0	14.0
ptg000031l	99901	99902	9.0	11.0	11.0	18.0
ptg000031l	100001	100002	0.0	0.0	0.0	0.0
ptg000031l	100101	100102	4.0	2.0	6.0	8.0
ptg000031l	100201	100202	9.0	11.0	12.0	14.0
ptg000031l	100301	100302	14.0	15.0	15.0	14.0
ptg000031l	100401	100402	27.0	19.0	16.0	23.0
ptg000031l	100501	100502	23.0	20.0	22.0	32.0
ptg000031l	100601	100602	23.0	31.0	39.0	42.0
ptg000031l	100701	100702	24.0	27.0	18.0	32.0
ptg000031l	100801	100802	22.0	16.0	24.0	20.0
ptg000031l	100901	100902	13.0	30.0	30.0	23.0
ptg000031l	101001	101002	5.0	9.0	5.0	6.0
ptg000031l	101101	101102	8.0	2.0	10.0	6.0
ptg000031l	101201	101202	20.0	23.0	24.0	28.0
ptg000031l	101301	101302	24.0	32.0	26.0	45.0
ptg000031l	101401	101402	14.0	14.0	15.0	19.0
ptg000031l	101501	101502	16.0	20.0	15.0	22.0
ptg000031l	101601	101602	28.0	28.0	26.0	39.0
ptg000031l	101701	101702	14.0	14.0	14.0	24.0
ptg000031l	101801	101802	26.0	29.0	20.0	26.0
ptg000031l	101901	101902	23.0	29.0	29.0	27.0
ptg000031l	102001	102002	19.0	27.0	25.0	37.0
ptg000031l	102101	102102	11.0	23.0	15.0	14.0
ptg000031l	102201	102202	2.0	6.0	6.0	11.0
ptg000031l	102301	102302	0.0	0.0	0.0	0.0
ptg000031l	102401	102402	7.0	16.0	14.0	14.0
ptg000031l	102501	102502	16.0	31.0	15.0	25.0
ptg000031l	102601	102602	20.0	42.0	23.0	35.0
ptg000031l	102701	102702	17.0	28.0	24.0	31.0
ptg000031l	102801	102802	14.0	15.0	22.0	23.0
ptg000031l	102901	102902	15.0	28.0	25.0	29.0
ptg000031l	103001	103002	13.0	28.0	14.0	17.0
ptg000031l	103101	103102	13.0	16.0	17.0	17.0
ptg000031l	103201	103202	20.0	17.0	21.0	26.0
ptg000031l	103301	103302	12.0	6.0	9.0	14.0
ptg000031l	103401	103402	5.0	6.0	7.0	7.0
ptg000031l	103501	103502	11.0	16.0	12.0	20.0
ptg000031l	103601	103602	17.0	19.0	18.0	24.0
ptg000031l	103701	103702	9.0	12.0	13.0	13.0
ptg000031l	103801	103802	14.0	15.0	15.0	20.0
ptg000031l	103901	103902	1.0	0.0	1.0	0.0
ptg000031l	104001	104002	1.0	1.0	0.0	0.0
ptg000031l	104101	104102	11.0	2.0	4.0	2.0
ptg000031l	104201	104202	10.0	3.0	5.0	7.0
ptg000031l	104301	104302	7.0	5.0	3.0	5.0
ptg000031l	104401	104402	12.0	10.0	12.0	11.0
ptg000031l	104501	104502	9.0	7.0	7.0	4.0
ptg000031l	104601	104602	3.0	1.0	2.0	1.0
ptg000031l	104701	104702	5.0	4.0	3.0	2.0
ptg000031l	104801	104802	1.0	3.0	2.0	0.0
ptg000031l	104901	104902	7.0	6.0	11.0	3.0
ptg000031l	105001	105002	3.0	5.0	1.0	7.0
ptg000031l	105101	105102	1.0	3.0	3.0	2.0
ptg000031l	105201	105202	10.0	9.0	6.0	7.0
ptg000031l	105301	105302	10.0	13.0	7.0	8.0
ptg000031l	105401	105402	3.0	6.0	6.0	3.0
ptg000031l	105501	105502	7.0	11.0	12.0	14.0
ptg000031l	105601	105602	12.0	10.0	14.0	18.0
ptg000031l	105701	105702	14.0	8.0	16.0	14.0
ptg000031l	105801	105802	3.0	6.0	8.0	7.0
ptg000031l	105901	105902	7.0	9.0	6.0	11.0
ptg000031l	106001	106002	8.0	4.0	9.0	3.0
ptg000031l	106101	106102	8.0	9.0	6.0	5.0
ptg000031l	106201	106202	2.0	3.0	4.0	3.0
ptg000031l	106301	106302	3.0	0.0	4.0	2.0
ptg000031l	106401	106402	27.0	18.0	23.0	19.0
ptg000031l	106501	106502	33.0	22.0	28.0	32.0
ptg000031l	106601	106602	18.0	12.0	6.0	12.0
ptg000031l	106701	106702	18.0	7.0	8.0	9.0
ptg000031l	106801	106802	7.0	5.0	3.0	3.0
ptg000031l	106901	106902	1.0	0.0	2.0	4.0
ptg000031l	107001	107002	3.0	0.0	2.0	2.0
ptg000031l	107101	107102	14.0	4.0	9.0	14.0
ptg000031l	107201	107202	16.0	15.0	18.0	15.0
ptg000031l	107301	107302	6.0	6.0	6.0	4.0
ptg000031l	107401	107402	5.0	14.0	10.0	8.0
ptg000031l	107501	107502	11.0	26.0	18.0	25.0
ptg000031l	107601	107602	6.0	10.0	5.0	15.0
ptg000031l	107701	107702	2.0	0.0	1.0	1.0
ptg000031l	107801	107802	5.0	8.0	2.0	7.0
ptg000031l	107901	107902	14.0	22.0	15.0	27.0
ptg000031l	108001	108002	11.0	14.0	13.0	16.0
ptg000031l	108101	108102	7.0	8.0	6.0	6.0
ptg000031l	108201	108202	18.0	25.0	11.0	23.0
ptg000031l	108301	108302	15.0	12.0	6.0	16.0
ptg000031l	108401	108402	2.0	1.0	0.0	1.0
ptg000031l	108501	108502	12.0	11.0	5.0	9.0
ptg000031l	108601	108602	8.0	12.0	6.0	8.0
ptg000031l	108701	108702	7.0	15.0	14.0	12.0
ptg000031l	108801	108802	16.0	17.0	14.0	14.0
ptg000031l	108901	108902	1.0	2.0	2.0	0.0
ptg000031l	109001	109002	7.0	8.0	9.0	10.0
ptg000031l	109101	109102	17.0	26.0	18.0	38.0
ptg000031l	109201	109202	17.0	27.0	22.0	35.0
ptg000031l	109301	109302	11.0	24.0	13.0	18.0
ptg000031l	109401	109402	5.0	11.0	7.0	8.0
ptg000031l	109501	109502	7.0	17.0	8.0	18.0
ptg000031l	109601	109602	6.0	12.0	17.0	16.0
ptg000031l	109701	109702	13.0	15.0	14.0	22.0
ptg000031l	109801	109802	3.0	7.0	5.0	10.0
ptg000031l	109901	109902	3.0	2.0	2.0	9.0
ptg000031l	110001	110002	7.0	11.0	9.0	13.0
ptg000031l	110101	110102	12.0	17.0	12.0	19.0
ptg000031l	110201	110202	14.0	19.0	14.0	24.0
ptg000031l	110301	110302	19.0	19.0	20.0	27.0
ptg000031l	110401	110402	16.0	24.0	19.0	33.0
ptg000031l	110501	110502	26.0	45.0	27.0	32.0
ptg000031l	110601	110602	8.0	12.0	9.0	6.0
ptg000031l	110701	110702	17.0	22.0	13.0	27.0
ptg000031l	110801	110802	8.0	6.0	9.0	17.0
ptg000031l	110901	110902	0.0	0.0	0.0	1.0
ptg000031l	111001	111002	7.0	14.0	6.0	18.0
ptg000031l	111101	111102	33.0	34.0	16.0	36.0
ptg000031l	111201	111202	17.0	23.0	17.0	39.0
ptg000031l	111301	111302	7.0	11.0	5.0	7.0
ptg000031l	111401	111402	27.0	33.0	12.0	25.0
ptg000031l	111501	111502	19.0	30.0	15.0	23.0
ptg000031l	111601	111602	17.0	33.0	11.0	25.0
ptg000031l	111701	111702	21.0	39.0	23.0	34.0
ptg000031l	111801	111802	22.0	38.0	36.0	34.0
ptg000031l	111901	111902	23.0	24.0	23.0	28.0
ptg000031l	112001	112002	15.0	9.0	7.0	18.0
ptg000031l	112101	112102	27.0	27.0	30.0	24.0
ptg000031l	112201	112202	31.0	30.0	34.0	24.0
ptg000031l	112301	112302	19.0	32.0	18.0	46.0
ptg000031l	112401	112402	31.0	46.0	38.0	48.0
ptg000031l	112501	112502	26.0	43.0	39.0	36.0
ptg000031l	112601	112602	21.0	35.0	33.0	28.0
ptg000031l	112701	112702	19.0	31.0	33.0	23.0
ptg000031l	112801	112802	23.0	27.0	29.0	28.0
ptg000031l	112901	112902	22.0	19.0	20.0	18.0
ptg000031l	113001	113002	17.0	18.0	26.0	19.0
ptg000031l	113101	113102	13.0	6.0	26.0	21.0
ptg000031l	113201	113202	3.0	3.0	4.0	10.0
ptg000031l	113301	113302	5.0	14.0	15.0	12.0
ptg000031l	113401	113402	23.0	22.0	21.0	28.0
ptg000031l	113501	113502	9.0	12.0	17.0	15.0
ptg000031l	113601	113602	11.0	10.0	17.0	19.0
ptg000031l	113701	113702	12.0	10.0	13.0	20.0
ptg000031l	113801	113802	0.0	0.0	1.0	1.0
ptg000031l	113901	113902	0.0	1.0	3.0	1.0
ptg000031l	114001	114002	2.0	4.0	6.0	5.0
ptg000031l	114101	114102	2.0	2.0	2.0	4.0
ptg000031l	114201	114202	3.0	7.0	5.0	12.0
ptg000031l	114301	114302	3.0	2.0	7.0	9.0
ptg000031l	114401	114402	0.0	1.0	0.0	2.0
ptg000031l	114501	114502	2.0	3.0	2.0	6.0
ptg000031l	114601	114602	2.0	1.0	3.0	2.0
ptg000031l	114701	114702	7.0	7.0	8.0	4.0
ptg000031l	114801	114802	6.0	8.0	4.0	5.0
ptg000031l	114901	114902	4.0	3.0	5.0	3.0
ptg000031l	115001	115002	5.0	8.0	7.0	3.0
ptg000031l	115101	115102	9.0	9.0	7.0	5.0
ptg000031l	115201	115202	2.0	0.0	0.0	2.0
ptg000031l	115301	115302	1.0	0.0	0.0	0.0
ptg000031l	115401	115402	7.0	3.0	6.0	3.0
ptg000031l	115501	115502	15.0	7.0	10.0	9.0
ptg000031l	115601	115602	4.0	10.0	5.0	4.0
ptg000031l	115701	115702	7.0	10.0	7.0	4.0
ptg000031l	115801	115802	5.0	9.0	9.0	4.0
ptg000031l	115901	115902	7.0	6.0	10.0	4.0
ptg000031l	116001	116002	7.0	9.0	12.0	7.0
ptg000031l	116101	116102	1.0	0.0	4.0	1.0
ptg000031l	116201	116202	6.0	8.0	15.0	9.0
ptg000031l	116301	116302	20.0	24.0	38.0	28.0
ptg000031l	116401	116402	20.0	16.0	25.0	20.0
ptg000031l	116501	116502	3.0	1.0	1.0	1.0
ptg000031l	116601	116602	3.0	1.0	2.0	0.0
ptg000031l	116701	116702	3.0	1.0	4.0	1.0
ptg000031l	116801	116802	3.0	1.0	6.0	0.0
ptg000031l	116901	116902	10.0	5.0	16.0	3.0
ptg000031l	117001	117002	12.0	4.0	19.0	1.0
ptg000031l	117101	117102	6.0	0.0	9.0	0.0
ptg000031l	117201	117202	9.0	0.0	6.0	0.0
ptg000031l	117301	117302	10.0	0.0	6.0	2.0
ptg000031l	117401	117402	6.0	0.0	3.0	1.0
ptg000031l	117501	117502	20.0	7.0	31.0	2.0
ptg000031l	117601	117602	3.0	0.0	5.0	2.0
ptg000031l	117701	117702	10.0	2.0	0.0	1.0
ptg000031l	117801	117802	21.0	8.0	10.0	1.0
ptg000031l	117901	117902	15.0	9.0	15.0	4.0
ptg000031l	118001	118002	19.0	12.0	12.0	4.0
ptg000031l	118101	118102	12.0	3.0	10.0	2.0
ptg000031l	118201	118202	1.0	0.0	1.0	0.0
ptg000031l	118301	118302	10.0	1.0	6.0	2.0
ptg000031l	118401	118402	5.0	0.0	5.0	0.0
ptg000031l	118501	118502	0.0	0.0	1.0	0.0
ptg000031l	118601	118602	1.0	1.0	3.0	1.0
ptg000031l	118701	118702	39.0	15.0	36.0	6.0
ptg000031l	118801	118802	29.0	3.0	28.0	3.0
ptg000031l	118901	118902	12.0	0.0	5.0	1.0
ptg000031l	119001	119002	24.0	8.0	24.0	1.0
ptg000031l	119101	119102	30.0	10.0	34.0	0.0
ptg000031l	119201	119202	29.0	9.0	31.0	1.0
ptg000031l	119301	119302	19.0	1.0	13.0	0.0
ptg000031l	119401	119402	13.0	2.0	6.0	0.0
ptg000031l	119501	119502	2.0	1.0	6.0	2.0
ptg000031l	119601	119602	3.0	0.0	5.0	1.0
ptg000031l	119701	119702	10.0	1.0	11.0	1.0
ptg000031l	119801	119802	6.0	2.0	7.0	0.0
ptg000031l	119901	119902	1.0	2.0	0.0	1.0
ptg000031l	120001	120002	8.0	3.0	4.0	3.0
ptg000031l	120101	120102	6.0	1.0	9.0	3.0
ptg000031l	120201	120202	3.0	2.0	14.0	2.0
ptg000031l	120301	120302	5.0	1.0	4.0	0.0
ptg000031l	120401	120402	3.0	0.0	3.0	0.0
ptg000031l	120501	120502	11.0	1.0	8.0	1.0
ptg000031l	120601	120602	12.0	3.0	7.0	5.0
ptg000031l	120701	120702	14.0	5.0	15.0	5.0
ptg000031l	120801	120802	13.0	3.0	10.0	0.0
ptg000031l	120901	120902	0.0	0.0	0.0	0.0
ptg000031l	121001	121002	6.0	2.0	7.0	1.0
ptg000031l	121101	121102	7.0	2.0	7.0	1.0
ptg000031l	121201	121202	3.0	0.0	0.0	1.0
ptg000031l	121301	121302	10.0	4.0	2.0	0.0
ptg000031l	121401	121402	14.0	4.0	4.0	2.0
ptg000031l	121501	121502	2.0	1.0	1.0	0.0
ptg000031l	121601	121602	2.0	0.0	0.0	0.0
ptg000031l	121701	121702	2.0	0.0	0.0	0.0
ptg000031l	121801	121802	6.0	2.0	3.0	2.0
ptg000031l	121901	121902	11.0	2.0	15.0	2.0
ptg000031l	122001	122002	23.0	5.0	32.0	4.0
ptg000031l	122101	122102	21.0	5.0	28.0	3.0
ptg000031l	122201	122202	10.0	5.0	16.0	2.0
ptg000031l	122301	122302	5.0	1.0	10.0	1.0
ptg000031l	122401	122402	6.0	2.0	2.0	0.0
ptg000031l	122501	122502	0.0	1.0	1.0	0.0
ptg000031l	122601	122602	0.0	0.0	0.0	0.0
ptg000031l	122701	122702	4.0	5.0	6.0	1.0
ptg000031l	122801	122802	4.0	2.0	4.0	1.0
ptg000031l	122901	122902	17.0	7.0	13.0	11.0
ptg000031l	123001	123002	15.0	4.0	9.0	7.0
ptg000031l	123101	123102	6.0	1.0	7.0	6.0
ptg000031l	123201	123202	30.0	17.0	21.0	23.0
ptg000031l	123301	123302	38.0	34.0	24.0	31.0
ptg000031l	123401	123402	46.0	35.0	35.0	36.0
ptg000031l	123501	123502	42.0	21.0	39.0	35.0
ptg000031l	123601	123602	46.0	25.0	36.0	35.0
ptg000031l	123701	123702	40.0	23.0	28.0	30.0
ptg000031l	123801	123802	24.0	14.0	16.0	15.0
ptg000031l	123901	123902	2.0	3.0	5.0	1.0
ptg000031l	124001	124002	6.0	5.0	5.0	1.0
ptg000031l	124101	124102	8.0	8.0	12.0	3.0
ptg000031l	124201	124202	4.0	3.0	7.0	1.0
ptg000031l	124301	124302	45.0	19.0	34.0	20.0
ptg000031l	124401	124402	28.0	19.0	22.0	14.0
ptg000031l	124501	124502	17.0	7.0	14.0	12.0
ptg000031l	124601	124602	11.0	5.0	12.0	3.0
ptg000031l	124701	124702	19.0	6.0	16.0	2.0
ptg000031l	124801	124802	27.0	3.0	17.0	8.0
ptg000031l	124901	124902	8.0	2.0	4.0	2.0
ptg000031l	125001	125002	8.0	2.0	3.0	1.0
ptg000031l	125101	125102	20.0	9.0	10.0	3.0
ptg000031l	125201	125202	16.0	5.0	17.0	0.0
ptg000031l	125301	125302	14.0	8.0	15.0	1.0
ptg000031l	125401	125402	2.0	1.0	3.0	0.0
ptg000031l	125501	125502	2.0	1.0	1.0	0.0
ptg000031l	125601	125602	8.0	3.0	7.0	1.0
ptg000031l	125701	125702	6.0	0.0	4.0	2.0
ptg000031l	125801	125802	4.0	0.0	2.0	4.0
ptg000031l	125901	125902	5.0	2.0	6.0	2.0
ptg000031l	126001	126002	1.0	1.0	2.0	0.0
ptg000031l	126101	126102	8.0	2.0	4.0	2.0
ptg000031l	126201	126202	10.0	5.0	5.0	4.0
ptg000031l	126301	126302	2.0	3.0	0.0	2.0
ptg000031l	126401	126402	3.0	0.0	3.0	1.0
ptg000031l	126501	126502	5.0	3.0	2.0	4.0
ptg000031l	126601	126602	4.0	8.0	8.0	8.0
ptg000031l	126701	126702	2.0	11.0	8.0	12.0
ptg000031l	126801	126802	0.0	0.0	0.0	0.0
ptg000031l	126901	126902	1.0	3.0	3.0	1.0
ptg000031l	127001	127002	5.0	1.0	5.0	0.0
ptg000031l	127101	127102	1.0	5.0	13.0	2.0
ptg000031l	127201	127202	2.0	1.0	5.0	1.0
ptg000031l	127301	127302	2.0	0.0	3.0	0.0
ptg000031l	127401	127402	2.0	1.0	4.0	0.0
ptg000031l	127501	127502	5.0	0.0	5.0	0.0
ptg000031l	127601	127602	3.0	1.0	5.0	0.0
ptg000031l	127701	127702	0.0	0.0	1.0	2.0
ptg000031l	127801	127802	0.0	0.0	0.0	0.0
ptg000031l	127901	127902	2.0	0.0	0.0	0.0
ptg000031l	128001	128002	3.0	0.0	1.0	0.0
ptg000031l	128101	128102	0.0	0.0	0.0	0.0
ptg000031l	128201	128202	0.0	0.0	0.0	0.0
ptg000031l	128301	128302	0.0	0.0	0.0	0.0
ptg000031l	128401	128402	3.0	2.0	6.0	2.0
ptg000031l	128501	128502	2.0	2.0	5.0	2.0
ptg000031l	128601	128602	13.0	16.0	8.0	13.0
ptg000031l	128701	128702	15.0	19.0	9.0	13.0
ptg000031l	128801	128802	9.0	14.0	7.0	7.0
ptg000031l	128901	128902	0.0	0.0	1.0	1.0
ptg000031l	129001	129002	2.0	5.0	3.0	1.0
ptg000031l	129101	129102	0.0	1.0	1.0	0.0
ptg000031l	129201	129202	7.0	5.0	9.0	5.0
ptg000031l	129301	129302	18.0	16.0	11.0	13.0
ptg000031l	129401	129402	12.0	4.0	2.0	8.0
ptg000031l	129501	129502	4.0	0.0	1.0	0.0
ptg000031l	129601	129602	13.0	4.0	5.0	3.0
ptg000031l	129701	129702	6.0	3.0	4.0	2.0
ptg000031l	129801	129802	15.0	8.0	6.0	3.0
ptg000031l	129901	129902	17.0	9.0	9.0	10.0
ptg000031l	130001	130002	8.0	4.0	5.0	5.0
ptg000031l	130101	130102	3.0	3.0	5.0	0.0
ptg000031l	130201	130202	8.0	8.0	10.0	8.0
ptg000031l	130301	130302	8.0	10.0	14.0	8.0
ptg000031l	130401	130402	10.0	5.0	12.0	4.0
ptg000031l	130501	130502	13.0	4.0	10.0	10.0
ptg000031l	130601	130602	0.0	0.0	1.0	1.0
ptg000031l	130701	130702	24.0	33.0	20.0	40.0
ptg000031l	130801	130802	68.0	70.0	72.0	85.0
ptg000031l	130901	130902	62.0	71.0	55.0	74.0
ptg000031l	131001	131002	32.0	26.0	30.0	29.0
ptg000031l	131101	131102	13.0	8.0	9.0	11.0
ptg000031l	131201	131202	0.0	3.0	4.0	2.0
ptg000031l	131301	131302	13.0	11.0	20.0	18.0
ptg000031l	131401	131402	0.0	0.0	0.0	1.0
ptg000031l	131501	131502	0.0	1.0	0.0	1.0
ptg000031l	131601	131602	9.0	10.0	9.0	13.0
ptg000031l	131701	131702	34.0	33.0	28.0	34.0
ptg000031l	131801	131802	33.0	31.0	33.0	37.0
ptg000031l	131901	131902	3.0	3.0	0.0	6.0
ptg000031l	132001	132002	37.0	35.0	27.0	36.0
ptg000031l	132101	132102	37.0	34.0	35.0	41.0
ptg000031l	132201	132202	3.0	5.0	9.0	4.0
ptg000031l	132301	132302	1.0	2.0	2.0	0.0
ptg000031l	132401	132402	1.0	2.0	2.0	1.0
ptg000031l	132501	132502	2.0	2.0	0.0	2.0
ptg000031l	132601	132602	0.0	0.0	0.0	0.0
ptg000031l	132701	132702	14.0	7.0	6.0	11.0
ptg000031l	132801	132802	12.0	8.0	6.0	4.0
ptg000031l	132901	132902	31.0	27.0	32.0	29.0
ptg000031l	133001	133002	44.0	34.0	47.0	45.0
ptg000031l	133101	133102	29.0	30.0	41.0	32.0
ptg000031l	133201	133202	38.0	41.0	64.0	41.0
ptg000031l	133301	133302	24.0	19.0	34.0	17.0
ptg000031l	133401	133402	1.0	2.0	0.0	1.0
ptg000031l	133501	133502	5.0	1.0	0.0	1.0
ptg000031l	133601	133602	0.0	2.0	0.0	0.0
ptg000031l	133701	133702	5.0	11.0	6.0	2.0
ptg000031l	133801	133802	2.0	3.0	3.0	5.0
ptg000031l	133901	133902	1.0	4.0	1.0	4.0
ptg000031l	134001	134002	0.0	0.0	0.0	0.0
ptg000031l	134101	134102	0.0	0.0	0.0	0.0
ptg000031l	134201	134202	0.0	0.0	0.0	0.0
ptg000031l	134301	134302	0.0	2.0	0.0	0.0
ptg000031l	134401	134402	0.0	0.0	0.0	0.0
ptg000031l	134501	134502	0.0	0.0	0.0	0.0
ptg000031l	134601	134602	0.0	0.0	0.0	0.0
ptg000031l	134701	134702	0.0	0.0	0.0	0.0
ptg000031l	134801	134802	1.0	0.0	0.0	0.0
ptg000031l	134901	134902	1.0	0.0	0.0	0.0
ptg000031l	135001	135002	0.0	0.0	0.0	0.0
ptg000031l	135101	135102	0.0	0.0	0.0	0.0
ptg000031l	135201	135202	0.0	0.0	0.0	0.0
ptg000031l	135301	135302	0.0	0.0	0.0	0.0
ptg000031l	135401	135402	0.0	0.0	0.0	0.0
ptg000031l	135501	135502	0.0	0.0	0.0	0.0
ptg000031l	135601	135602	0.0	0.0	0.0	0.0
ptg000031l	135701	135702	0.0	0.0	0.0	0.0
ptg000031l	135801	135802	6.0	2.0	8.0	0.0
ptg000031l	135901	135902	18.0	29.0	30.0	12.0
ptg000031l	136001	136002	11.0	2.0	9.0	0.0
ptg000031l	136101	136102	10.0	3.0	9.0	1.0
ptg000031l	136201	136202	2.0	1.0	1.0	0.0
ptg000031l	136301	136302	0.0	0.0	0.0	0.0
ptg000031l	136401	136402	0.0	0.0	0.0	0.0
ptg000031l	136501	136502	0.0	0.0	0.0	0.0
ptg000031l	136601	136602	0.0	0.0	0.0	0.0
ptg000031l	136701	136702	0.0	0.0	0.0	0.0
ptg000031l	136801	136802	0.0	0.0	0.0	0.0
ptg000031l	136901	136902	0.0	0.0	0.0	0.0
ptg000031l	137001	137002	0.0	0.0	0.0	0.0
ptg000031l	137101	137102	0.0	0.0	0.0	0.0
ptg000031l	137201	137202	0.0	0.0	0.0	0.0
ptg000031l	137301	137302	1.0	0.0	0.0	0.0
ptg000031l	137401	137402	0.0	0.0	0.0	0.0
ptg000031l	137501	137502	0.0	0.0	0.0	0.0
ptg000031l	137601	137602	0.0	0.0	0.0	0.0
ptg000031l	137701	137702	0.0	0.0	0.0	0.0
ptg000031l	137801	137802	3.0	4.0	5.0	1.0
ptg000031l	137901	137902	2.0	0.0	1.0	0.0
ptg000031l	138001	138002	1.0	0.0	0.0	0.0
ptg000031l	138101	138102	0.0	0.0	0.0	0.0
ptg000031l	138201	138202	1.0	0.0	2.0	0.0
ptg000031l	138301	138302	10.0	3.0	11.0	0.0
ptg000031l	138401	138402	9.0	4.0	11.0	0.0
ptg000031l	138501	138502	20.0	10.0	21.0	1.0
ptg000031l	138601	138602	20.0	13.0	22.0	1.0
ptg000031l	138701	138702	5.0	6.0	7.0	1.0
ptg000031l	138801	138802	1.0	3.0	2.0	1.0
ptg000031l	138901	138902	0.0	0.0	0.0	0.0
ptg000031l	139001	139002	0.0	0.0	0.0	0.0
ptg000031l	139101	139102	1.0	2.0	1.0	2.0
ptg000031l	139201	139202	0.0	1.0	0.0	0.0
ptg000031l	139301	139302	1.0	1.0	0.0	0.0
ptg000031l	139401	139402	1.0	1.0	1.0	1.0
ptg000031l	139501	139502	1.0	2.0	3.0	0.0
ptg000031l	139601	139602	4.0	1.0	3.0	0.0
ptg000031l	139701	139702	2.0	1.0	3.0	1.0
ptg000031l	139801	139802	7.0	3.0	6.0	0.0
ptg000031l	139901	139902	11.0	4.0	16.0	2.0
ptg000031l	140001	140002	4.0	2.0	8.0	1.0
ptg000031l	140101	140102	1.0	0.0	1.0	0.0
ptg000031l	140201	140202	4.0	0.0	2.0	1.0
ptg000031l	140301	140302	4.0	1.0	2.0	0.0
ptg000031l	140401	140402	4.0	3.0	3.0	0.0
ptg000031l	140501	140502	1.0	2.0	2.0	1.0
ptg000031l	140601	140602	6.0	2.0	3.0	2.0
ptg000031l	140701	140702	5.0	0.0	7.0	1.0
ptg000031l	140801	140802	3.0	0.0	3.0	0.0
ptg000031l	140901	140902	0.0	0.0	0.0	0.0
ptg000031l	141001	141002	3.0	10.0	5.0	6.0
ptg000031l	141101	141102	7.0	11.0	4.0	7.0
ptg000031l	141201	141202	27.0	18.0	22.0	17.0
ptg000031l	141301	141302	18.0	13.0	16.0	8.0
ptg000031l	141401	141402	1.0	0.0	2.0	0.0
ptg000031l	141501	141502	1.0	2.0	2.0	0.0
ptg000031l	141601	141602	0.0	0.0	1.0	0.0
ptg000031l	141701	141702	3.0	0.0	1.0	0.0
ptg000031l	141801	141802	5.0	0.0	3.0	0.0
ptg000031l	141901	141902	1.0	0.0	1.0	0.0
ptg000031l	142001	142002	0.0	0.0	0.0	0.0
ptg000031l	142101	142102	0.0	0.0	0.0	0.0
ptg000031l	142201	142202	12.0	5.0	17.0	5.0
ptg000031l	142301	142302	49.0	23.0	37.0	14.0
ptg000031l	142401	142402	57.0	24.0	41.0	13.0
ptg000031l	142501	142502	84.0	26.0	83.0	27.0
ptg000031l	142601	142602	59.0	20.0	46.0	13.0
ptg000031l	142701	142702	17.0	13.0	22.0	10.0
ptg000031l	142801	142802	34.0	22.0	39.0	18.0
ptg000031l	142901	142902	52.0	25.0	55.0	15.0
ptg000031l	143001	143002	20.0	12.0	21.0	2.0
ptg000031l	143101	143102	14.0	8.0	33.0	6.0
ptg000031l	143201	143202	29.0	5.0	28.0	4.0
ptg000031l	143301	143302	38.0	11.0	30.0	7.0
ptg000031l	143401	143402	33.0	12.0	32.0	1.0
ptg000031l	143501	143502	51.0	13.0	41.0	17.0
ptg000031l	143601	143602	76.0	33.0	73.0	31.0
ptg000031l	143701	143702	68.0	39.0	54.0	26.0
ptg000031l	143801	143802	59.0	56.0	62.0	20.0
ptg000031l	143901	143902	56.0	60.0	83.0	38.0
ptg000031l	144001	144002	52.0	44.0	57.0	35.0
ptg000031l	144101	144102	70.0	43.0	62.0	38.0
ptg000031l	144201	144202	60.0	53.0	73.0	42.0
ptg000031l	144301	144302	48.0	43.0	68.0	40.0
ptg000031l	144401	144402	58.0	41.0	53.0	39.0
ptg000031l	144501	144502	66.0	35.0	64.0	38.0
ptg000031l	144601	144602	73.0	31.0	70.0	36.0
ptg000031l	144701	144702	56.0	36.0	61.0	35.0
ptg000031l	144801	144802	43.0	30.0	38.0	29.0
ptg000031l	144901	144902	52.0	30.0	37.0	27.0
ptg000031l	145001	145002	53.0	30.0	51.0	29.0
ptg000031l	145101	145102	10.0	11.0	9.0	12.0
ptg000031l	145201	145202	31.0	25.0	25.0	19.0
ptg000031l	145301	145302	41.0	28.0	31.0	20.0
ptg000031l	145401	145402	22.0	8.0	11.0	5.0
ptg000031l	145501	145502	16.0	4.0	12.0	5.0
ptg000031l	145601	145602	39.0	17.0	33.0	25.0
ptg000031l	145701	145702	50.0	30.0	58.0	30.0
ptg000031l	145801	145802	51.0	33.0	60.0	43.0
ptg000031l	145901	145902	57.0	41.0	46.0	29.0
ptg000031l	146001	146002	29.0	22.0	36.0	22.0
ptg000031l	146101	146102	42.0	36.0	40.0	31.0
ptg000031l	146201	146202	45.0	36.0	33.0	35.0
ptg000031l	146301	146302	27.0	20.0	13.0	17.0
ptg000031l	146401	146402	2.0	2.0	6.0	6.0
ptg000031l	146501	146502	3.0	4.0	16.0	8.0
ptg000031l	146601	146602	10.0	7.0	16.0	13.0
ptg000031l	146701	146702	0.0	1.0	2.0	0.0
ptg000031l	146801	146802	13.0	15.0	7.0	8.0
ptg000031l	146901	146902	24.0	21.0	16.0	12.0
ptg000031l	147001	147002	27.0	11.0	30.0	8.0
ptg000031l	147101	147102	33.0	14.0	46.0	11.0
ptg000031l	147201	147202	17.0	15.0	16.0	12.0
ptg000031l	147301	147302	4.0	5.0	5.0	5.0
ptg000031l	147401	147402	1.0	3.0	3.0	2.0
ptg000031l	147501	147502	11.0	10.0	23.0	4.0
ptg000031l	147601	147602	5.0	0.0	0.0	0.0
ptg000031l	147701	147702	62.0	22.0	58.0	21.0
ptg000031l	147801	147802	22.0	15.0	20.0	4.0
ptg000031l	147901	147902	0.0	0.0	0.0	0.0
ptg000031l	148001	148002	1.0	0.0	2.0	0.0
ptg000031l	148101	148102	2.0	0.0	3.0	0.0
ptg000031l	148201	148202	0.0	0.0	0.0	2.0
ptg000031l	148301	148302	5.0	1.0	1.0	1.0
ptg000031l	148401	148402	13.0	2.0	11.0	2.0
ptg000031l	148501	148502	5.0	3.0	7.0	3.0
ptg000031l	148601	148602	24.0	3.0	16.0	2.0
ptg000031l	148701	148702	62.0	17.0	46.0	19.0
ptg000031l	148801	148802	34.0	9.0	23.0	8.0
ptg000031l	148901	148902	20.0	3.0	13.0	6.0
ptg000031l	149001	149002	2.0	0.0	6.0	2.0
ptg000031l	149101	149102	12.0	1.0	5.0	0.0
ptg000031l	149201	149202	8.0	3.0	7.0	1.0
ptg000031l	149301	149302	2.0	0.0	2.0	1.0
ptg000031l	149401	149402	0.0	0.0	2.0	0.0
ptg000031l	149501	149502	0.0	0.0	0.0	0.0
ptg000031l	149601	149602	0.0	0.0	0.0	0.0
ptg000031l	149701	149702	29.0	41.0	17.0	14.0
ptg000031l	149801	149802	5.0	19.0	12.0	9.0
ptg000031l	149901	149902	24.0	41.0	19.0	50.0
ptg000031l	150001	150002	58.0	78.0	75.0	45.0
ptg000031l	150101	150102	18.0	9.0	21.0	12.0
ptg000031l	150201	150202	31.0	25.0	36.0	22.0
ptg000031l	150301	150302	1.0	2.0	0.0	4.0
ptg000031l	150401	150402	1.0	1.0	0.0	3.0
ptg000031l	150501	150502	1.0	1.0	0.0	0.0
ptg000031l	150601	150602	3.0	2.0	1.0	0.0
ptg000031l	150701	150702	0.0	0.0	0.0	0.0
ptg000031l	150801	150802	1.0	0.0	0.0	0.0
ptg000031l	150901	150902	5.0	2.0	2.0	1.0
ptg000031l	151001	151002	4.0	4.0	4.0	0.0
ptg000031l	151101	151102	2.0	3.0	1.0	4.0
ptg000031l	151201	151202	1.0	0.0	1.0	3.0
ptg000031l	151301	151302	2.0	2.0	3.0	2.0
ptg000031l	151401	151402	2.0	3.0	4.0	1.0
ptg000031l	151501	151502	3.0	1.0	2.0	3.0
ptg000031l	151601	151602	1.0	1.0	0.0	4.0
ptg000031l	151701	151702	3.0	0.0	2.0	3.0
ptg000031l	151801	151802	4.0	0.0	9.0	2.0
ptg000031l	151901	151902	6.0	2.0	11.0	6.0
ptg000031l	152001	152002	6.0	6.0	11.0	7.0
ptg000031l	152101	152102	4.0	0.0	7.0	8.0
ptg000031l	152201	152202	5.0	4.0	8.0	11.0
ptg000031l	152301	152302	0.0	2.0	5.0	1.0
ptg000031l	152401	152402	1.0	3.0	2.0	1.0
ptg000031l	152501	152502	1.0	0.0	1.0	5.0
ptg000031l	152601	152602	2.0	0.0	1.0	1.0
ptg000031l	152701	152702	0.0	2.0	3.0	2.0
ptg000031l	152801	152802	0.0	3.0	1.0	4.0
ptg000031l	152901	152902	2.0	4.0	1.0	1.0
ptg000031l	153001	153002	3.0	3.0	3.0	2.0
ptg000031l	153101	153102	2.0	2.0	0.0	3.0
ptg000031l	153201	153202	2.0	3.0	2.0	3.0
ptg000031l	153301	153302	3.0	4.0	0.0	6.0
ptg000031l	153401	153402	2.0	1.0	1.0	3.0
ptg000031l	153501	153502	3.0	1.0	2.0	0.0
ptg000031l	153601	153602	2.0	1.0	1.0	0.0
ptg000031l	153701	153702	1.0	2.0	0.0	0.0
ptg000031l	153801	153802	2.0	4.0	2.0	2.0
ptg000031l	153901	153902	1.0	1.0	3.0	1.0
ptg000031l	154001	154002	0.0	0.0	0.0	2.0
ptg000031l	154101	154102	3.0	0.0	2.0	4.0
ptg000031l	154201	154202	1.0	3.0	2.0	4.0
ptg000031l	154301	154302	4.0	7.0	4.0	6.0
ptg000031l	154401	154402	1.0	5.0	1.0	1.0
ptg000031l	154501	154502	1.0	4.0	0.0	3.0
ptg000031l	154601	154602	1.0	1.0	0.0	2.0
ptg000031l	154701	154702	2.0	2.0	1.0	2.0
ptg000031l	154801	154802	2.0	2.0	1.0	1.0
ptg000031l	154901	154902	0.0	0.0	0.0	0.0
ptg000031l	155001	155002	1.0	3.0	2.0	2.0
ptg000031l	155101	155102	2.0	0.0	1.0	3.0
ptg000031l	155201	155202	1.0	1.0	1.0	5.0
ptg000031l	155301	155302	1.0	2.0	0.0	5.0
ptg000031l	155401	155402	0.0	0.0	0.0	0.0
ptg000031l	155501	155502	11.0	7.0	10.0	5.0
ptg000031l	155601	155602	37.0	23.0	32.0	19.0
ptg000031l	155701	155702	48.0	64.0	60.0	37.0
ptg000031l	155801	155802	0.0	1.0	0.0	0.0
ptg000031l	155901	155902	10.0	5.0	9.0	0.0
ptg000031l	156001	156002	14.0	3.0	8.0	0.0
ptg000031l	156101	156102	7.0	3.0	8.0	1.0
ptg000031l	156201	156202	1.0	1.0	2.0	0.0
ptg000031l	156301	156302	2.0	1.0	3.0	0.0
ptg000031l	156401	156402	5.0	3.0	9.0	1.0
ptg000031l	156501	156502	9.0	4.0	4.0	0.0
ptg000031l	156601	156602	5.0	2.0	4.0	0.0
ptg000031l	156701	156702	3.0	1.0	0.0	0.0
ptg000031l	156801	156802	22.0	14.0	14.0	19.0
ptg000031l	156901	156902	8.0	5.0	6.0	2.0
ptg000031l	157001	157002	14.0	16.0	13.0	10.0
ptg000031l	157101	157102	24.0	17.0	32.0	16.0
ptg000031l	157201	157202	4.0	2.0	5.0	3.0
ptg000031l	157301	157302	8.0	14.0	10.0	8.0
ptg000031l	157401	157402	6.0	12.0	11.0	10.0
ptg000031l	157501	157502	0.0	0.0	1.0	1.0
ptg000031l	157601	157602	0.0	0.0	1.0	0.0
ptg000031l	157701	157702	7.0	9.0	13.0	6.0
ptg000031l	157801	157802	9.0	12.0	18.0	15.0
ptg000031l	157901	157902	2.0	2.0	6.0	9.0
ptg000031l	158001	158002	1.0	0.0	0.0	0.0
ptg000031l	158101	158102	7.0	6.0	3.0	7.0
ptg000031l	158201	158202	4.0	5.0	2.0	3.0
ptg000031l	158301	158302	7.0	4.0	5.0	11.0
ptg000031l	158401	158402	9.0	6.0	7.0	16.0
ptg000031l	158501	158502	12.0	10.0	11.0	18.0
ptg000031l	158601	158602	11.0	5.0	9.0	6.0
ptg000031l	158701	158702	6.0	7.0	8.0	8.0
ptg000031l	158801	158802	2.0	0.0	0.0	0.0
ptg000031l	158901	158902	2.0	5.0	8.0	2.0
ptg000031l	159001	159002	5.0	5.0	12.0	3.0
ptg000031l	159101	159102	6.0	5.0	15.0	3.0
ptg000031l	159201	159202	5.0	14.0	13.0	3.0
ptg000031l	159301	159302	5.0	10.0	11.0	5.0
ptg000031l	159401	159402	11.0	11.0	12.0	13.0
ptg000031l	159501	159502	3.0	0.0	0.0	0.0
ptg000031l	159601	159602	1.0	0.0	0.0	0.0
ptg000031l	159701	159702	5.0	4.0	4.0	0.0
ptg000031l	159801	159802	13.0	4.0	5.0	1.0
ptg000031l	159901	159902	10.0	0.0	2.0	2.0
ptg000031l	160001	160002	4.0	1.0	3.0	2.0
ptg000031l	160101	160102	0.0	0.0	1.0	0.0
ptg000031l	160201	160202	0.0	1.0	2.0	0.0
ptg000031l	160301	160302	4.0	2.0	2.0	0.0
ptg000031l	160401	160402	3.0	1.0	2.0	0.0
ptg000031l	160501	160502	0.0	0.0	0.0	0.0
ptg000031l	160601	160602	2.0	0.0	2.0	0.0
ptg000031l	160701	160702	3.0	1.0	2.0	0.0
ptg000031l	160801	160802	2.0	2.0	0.0	0.0
ptg000031l	160901	160902	0.0	0.0	0.0	0.0
ptg000031l	161001	161002	0.0	0.0	0.0	0.0
ptg000031l	161101	161102	0.0	0.0	0.0	0.0
ptg000031l	161201	161202	0.0	0.0	0.0	0.0
ptg000031l	161301	161302	0.0	0.0	0.0	0.0
ptg000031l	161401	161402	0.0	0.0	0.0	0.0
ptg000031l	161501	161502	0.0	0.0	0.0	0.0
ptg000031l	161601	161602	2.0	0.0	0.0	1.0
ptg000031l	161701	161702	2.0	0.0	0.0	1.0
ptg000031l	161801	161802	0.0	0.0	0.0	0.0
ptg000031l	161901	161902	0.0	0.0	0.0	0.0
ptg000031l	162001	162002	0.0	0.0	0.0	0.0
ptg000031l	162101	162102	0.0	0.0	0.0	0.0
ptg000031l	162201	162202	0.0	0.0	0.0	1.0
ptg000031l	162301	162302	0.0	0.0	0.0	0.0
ptg000031l	162401	162402	0.0	0.0	0.0	0.0
ptg000031l	162501	162502	0.0	0.0	0.0	0.0
ptg000031l	162601	162602	1.0	1.0	2.0	0.0
ptg000031l	162701	162702	4.0	15.0	8.0	6.0
ptg000031l	162801	162802	6.0	21.0	6.0	11.0
ptg000031l	162901	162902	3.0	9.0	8.0	13.0
ptg000031l	163001	163002	9.0	15.0	13.0	17.0
ptg000031l	163101	163102	8.0	18.0	10.0	13.0
ptg000031l	163201	163202	4.0	11.0	11.0	11.0
ptg000031l	163301	163302	9.0	8.0	14.0	11.0
ptg000031l	163401	163402	13.0	12.0	16.0	14.0
ptg000031l	163501	163502	13.0	11.0	16.0	14.0
ptg000031l	163601	163602	14.0	16.0	16.0	17.0
ptg000031l	163701	163702	16.0	13.0	11.0	20.0
ptg000031l	163801	163802	18.0	21.0	10.0	22.0
ptg000031l	163901	163902	13.0	13.0	10.0	21.0
ptg000031l	164001	164002	15.0	17.0	9.0	22.0
ptg000031l	164101	164102	14.0	13.0	11.0	20.0
ptg000031l	164201	164202	8.0	4.0	7.0	10.0
ptg000031l	164301	164302	10.0	8.0	11.0	10.0
ptg000031l	164401	164402	3.0	3.0	4.0	2.0
ptg000031l	164501	164502	0.0	0.0	0.0	0.0
ptg000031l	164601	164602	0.0	0.0	0.0	0.0
ptg000031l	164701	164702	5.0	8.0	7.0	3.0
ptg000031l	164801	164802	8.0	8.0	9.0	11.0
ptg000031l	164901	164902	11.0	5.0	9.0	15.0
ptg000031l	165001	165002	9.0	9.0	20.0	17.0
ptg000031l	165101	165102	16.0	14.0	16.0	20.0
ptg000031l	165201	165202	18.0	13.0	13.0	20.0
ptg000031l	165301	165302	12.0	18.0	11.0	16.0
ptg000031l	165401	165402	16.0	13.0	8.0	7.0
ptg000031l	165501	165502	9.0	8.0	12.0	13.0
ptg000031l	165601	165602	3.0	9.0	10.0	10.0
ptg000031l	165701	165702	7.0	10.0	8.0	13.0
ptg000031l	165801	165802	10.0	16.0	12.0	18.0
ptg000031l	165901	165902	9.0	18.0	8.0	14.0
ptg000031l	166001	166002	6.0	12.0	5.0	6.0
ptg000031l	166101	166102	10.0	12.0	12.0	9.0
ptg000031l	166201	166202	4.0	10.0	7.0	5.0
ptg000031l	166301	166302	0.0	0.0	1.0	0.0
ptg000031l	166401	166402	0.0	0.0	0.0	0.0
ptg000031l	166501	166502	0.0	0.0	0.0	0.0
ptg000031l	166601	166602	0.0	0.0	0.0	0.0
ptg000031l	166701	166702	1.0	0.0	0.0	0.0
ptg000031l	166801	166802	0.0	0.0	0.0	0.0
ptg000031l	166901	166902	0.0	0.0	0.0	0.0
ptg000031l	167001	167002	0.0	0.0	0.0	0.0
ptg000031l	167101	167102	1.0	0.0	0.0	0.0
ptg000031l	167201	167202	1.0	1.0	0.0	1.0
ptg000031l	167301	167302	0.0	0.0	0.0	0.0
ptg000031l	167401	167402	0.0	0.0	0.0	0.0
ptg000031l	167501	167502	0.0	0.0	0.0	0.0
ptg000031l	167601	167602	0.0	0.0	0.0	0.0
ptg000031l	167701	167702	0.0	0.0	0.0	0.0
ptg000031l	167801	167802	0.0	0.0	0.0	0.0
ptg000031l	167901	167902	0.0	1.0	0.0	0.0
ptg000031l	168001	168002	0.0	0.0	0.0	0.0
ptg000031l	168101	168102	1.0	1.0	1.0	0.0
ptg000031l	168201	168202	2.0	2.0	0.0	0.0
ptg000031l	168301	168302	1.0	0.0	0.0	0.0
ptg000031l	168401	168402	1.0	1.0	0.0	0.0
ptg000031l	168501	168502	1.0	1.0	1.0	0.0
ptg000031l	168601	168602	1.0	0.0	1.0	0.0
ptg000031l	168701	168702	2.0	0.0	1.0	0.0
ptg000031l	168801	168802	1.0	0.0	2.0	0.0
ptg000031l	168901	168902	5.0	2.0	3.0	1.0
ptg000031l	169001	169002	14.0	1.0	7.0	0.0
ptg000031l	169101	169102	17.0	2.0	9.0	1.0
ptg000031l	169201	169202	5.0	1.0	4.0	1.0
ptg000031l	169301	169302	2.0	0.0	0.0	0.0
ptg000031l	169401	169402	7.0	1.0	2.0	0.0
ptg000031l	169501	169502	10.0	3.0	9.0	9.0
ptg000031l	169601	169602	7.0	4.0	11.0	8.0
ptg000031l	169701	169702	6.0	7.0	5.0	7.0
ptg000031l	169801	169802	15.0	5.0	9.0	8.0
ptg000031l	169901	169902	19.0	10.0	13.0	12.0
ptg000031l	170001	170002	24.0	13.0	18.0	9.0
ptg000031l	170101	170102	17.0	2.0	24.0	11.0
ptg000031l	170201	170202	17.0	10.0	11.0	12.0
ptg000031l	170301	170302	23.0	15.0	17.0	11.0
ptg000031l	170401	170402	8.0	7.0	12.0	5.0
ptg000031l	170501	170502	9.0	6.0	7.0	6.0
ptg000031l	170601	170602	22.0	18.0	19.0	10.0
ptg000031l	170701	170702	22.0	12.0	20.0	8.0
ptg000031l	170801	170802	32.0	15.0	25.0	12.0
ptg000031l	170901	170902	27.0	13.0	28.0	17.0
ptg000031l	171001	171002	32.0	15.0	36.0	20.0
ptg000031l	171101	171102	33.0	15.0	26.0	17.0
ptg000031l	171201	171202	36.0	24.0	33.0	25.0
ptg000031l	171301	171302	1.0	2.0	1.0	0.0
ptg000031l	171401	171402	1.0	3.0	2.0	0.0
ptg000031l	171501	171502	1.0	1.0	1.0	0.0
ptg000031l	171601	171602	0.0	0.0	0.0	0.0
ptg000031l	171701	171702	3.0	3.0	6.0	0.0
ptg000031l	171801	171802	3.0	3.0	7.0	0.0
ptg000031l	171901	171902	1.0	2.0	3.0	0.0
ptg000031l	172001	172002	2.0	3.0	2.0	0.0
ptg000031l	172101	172102	0.0	0.0	0.0	0.0
ptg000031l	172201	172202	1.0	2.0	1.0	0.0
ptg000031l	172301	172302	2.0	2.0	5.0	1.0
ptg000031l	172401	172402	2.0	0.0	1.0	1.0
ptg000031l	172501	172502	6.0	2.0	5.0	0.0
ptg000031l	172601	172602	14.0	4.0	3.0	0.0
ptg000031l	172701	172702	9.0	3.0	6.0	0.0
ptg000031l	172801	172802	18.0	6.0	16.0	0.0
ptg000031l	172901	172902	25.0	9.0	17.0	1.0
ptg000031l	173001	173002	7.0	0.0	1.0	0.0
ptg000031l	173101	173102	0.0	1.0	1.0	0.0
ptg000031l	173201	173202	0.0	0.0	1.0	0.0
ptg000031l	173301	173302	0.0	0.0	0.0	0.0
ptg000031l	173401	173402	0.0	0.0	0.0	0.0
ptg000031l	173501	173502	0.0	0.0	0.0	0.0
ptg000031l	173601	173602	1.0	0.0	0.0	1.0
ptg000031l	173701	173702	1.0	0.0	0.0	0.0
ptg000031l	173801	173802	0.0	0.0	0.0	0.0
ptg000031l	173901	173902	1.0	0.0	0.0	0.0
ptg000031l	174001	174002	2.0	2.0	0.0	1.0
ptg000031l	174101	174102	1.0	1.0	0.0	0.0
ptg000031l	174201	174202	5.0	4.0	5.0	2.0
ptg000031l	174301	174302	11.0	6.0	6.0	3.0
ptg000031l	174401	174402	5.0	1.0	5.0	2.0
ptg000031l	174501	174502	4.0	0.0	3.0	0.0
ptg000031l	174601	174602	6.0	0.0	1.0	0.0
ptg000031l	174701	174702	4.0	0.0	4.0	3.0
ptg000031l	174801	174802	2.0	0.0	2.0	0.0
ptg000031l	174901	174902	1.0	0.0	1.0	0.0
ptg000031l	175001	175002	0.0	0.0	0.0	0.0
ptg000031l	175101	175102	20.0	25.0	24.0	19.0
ptg000031l	175201	175202	21.0	32.0	23.0	19.0
ptg000031l	175301	175302	10.0	7.0	7.0	6.0
ptg000031l	175401	175402	75.0	73.0	75.0	60.0
ptg000031l	175501	175502	25.0	4.0	21.0	3.0
ptg000031l	175601	175602	40.0	28.0	29.0	30.0
ptg000031l	175701	175702	7.0	6.0	10.0	1.0
ptg000031l	175801	175802	1.0	2.0	4.0	1.0
ptg000031l	175901	175902	0.0	0.0	3.0	1.0
ptg000031l	176001	176002	1.0	3.0	3.0	2.0
ptg000031l	176101	176102	0.0	1.0	0.0	0.0
ptg000031l	176201	176202	1.0	0.0	1.0	0.0
ptg000031l	176301	176302	0.0	0.0	2.0	0.0
ptg000031l	176401	176402	1.0	1.0	1.0	2.0
ptg000031l	176501	176502	1.0	0.0	1.0	2.0
ptg000031l	176601	176602	0.0	1.0	4.0	1.0
ptg000031l	176701	176702	2.0	1.0	1.0	2.0
ptg000031l	176801	176802	2.0	1.0	4.0	3.0
ptg000031l	176901	176902	2.0	0.0	3.0	3.0
ptg000031l	177001	177002	0.0	0.0	4.0	5.0
ptg000031l	177101	177102	1.0	1.0	3.0	6.0
ptg000031l	177201	177202	2.0	1.0	5.0	2.0
ptg000031l	177301	177302	1.0	4.0	5.0	3.0
ptg000031l	177401	177402	2.0	6.0	2.0	16.0
ptg000031l	177501	177502	1.0	4.0	4.0	2.0
ptg000031l	177601	177602	7.0	9.0	8.0	4.0
ptg000031l	177701	177702	3.0	3.0	3.0	5.0
ptg000031l	177801	177802	1.0	1.0	1.0	5.0
ptg000031l	177901	177902	2.0	4.0	2.0	3.0
ptg000031l	178001	178002	1.0	0.0	2.0	5.0
ptg000031l	178101	178102	1.0	3.0	0.0	6.0
ptg000031l	178201	178202	0.0	8.0	0.0	7.0
ptg000031l	178301	178302	3.0	5.0	1.0	4.0
ptg000031l	178401	178402	2.0	4.0	1.0	7.0
ptg000031l	178501	178502	2.0	2.0	1.0	8.0
ptg000031l	178601	178602	3.0	2.0	2.0	3.0
ptg000031l	178701	178702	4.0	4.0	3.0	3.0
ptg000031l	178801	178802	2.0	5.0	1.0	2.0
ptg000031l	178901	178902	0.0	3.0	1.0	0.0
ptg000031l	179001	179002	0.0	1.0	1.0	0.0
ptg000031l	179101	179102	0.0	0.0	1.0	0.0
ptg000031l	179201	179202	2.0	0.0	0.0	2.0
ptg000031l	179301	179302	1.0	0.0	0.0	3.0
ptg000031l	179401	179402	0.0	0.0	0.0	1.0
ptg000031l	179501	179502	1.0	2.0	0.0	2.0
ptg000031l	179601	179602	3.0	3.0	2.0	2.0
ptg000031l	179701	179702	3.0	6.0	10.0	1.0
ptg000031l	179801	179802	0.0	3.0	0.0	0.0
ptg000031l	179901	179902	1.0	3.0	0.0	1.0
ptg000031l	180001	180002	0.0	0.0	0.0	0.0
ptg000031l	180101	180102	0.0	1.0	1.0	2.0
ptg000031l	180201	180202	1.0	1.0	3.0	2.0
ptg000031l	180301	180302	1.0	1.0	1.0	1.0
ptg000031l	180401	180402	0.0	0.0	1.0	0.0
ptg000031l	180501	180502	0.0	1.0	1.0	3.0
ptg000031l	180601	180602	0.0	2.0	1.0	2.0
ptg000031l	180701	180702	0.0	4.0	2.0	5.0
ptg000031l	180801	180802	0.0	3.0	0.0	3.0
ptg000031l	180901	180902	1.0	1.0	4.0	1.0
ptg000031l	181001	181002	16.0	17.0	24.0	15.0
ptg000031l	181101	181102	49.0	25.0	45.0	27.0
ptg000031l	181201	181202	64.0	56.0	67.0	43.0
ptg000031l	181301	181302	6.0	0.0	1.0	1.0
ptg000031l	181401	181402	14.0	2.0	7.0	1.0
ptg000031l	181501	181502	12.0	0.0	5.0	0.0
ptg000031l	181601	181602	6.0	2.0	5.0	0.0
ptg000031l	181701	181702	1.0	0.0	0.0	0.0
ptg000031l	181801	181802	7.0	1.0	6.0	1.0
ptg000031l	181901	181902	2.0	0.0	0.0	0.0
ptg000031l	182001	182002	5.0	3.0	5.0	2.0
ptg000031l	182101	182102	8.0	0.0	5.0	1.0
ptg000031l	182201	182202	10.0	8.0	11.0	15.0
ptg000031l	182301	182302	14.0	9.0	19.0	16.0
ptg000031l	182401	182402	1.0	2.0	5.0	3.0
ptg000031l	182501	182502	18.0	14.0	27.0	33.0
ptg000031l	182601	182602	12.0	11.0	16.0	20.0
ptg000031l	182701	182702	0.0	1.0	0.0	2.0
ptg000031l	182801	182802	7.0	10.0	7.0	12.0
ptg000031l	182901	182902	2.0	3.0	3.0	5.0
ptg000031l	183001	183002	0.0	0.0	1.0	0.0
ptg000031l	183101	183102	0.0	0.0	0.0	0.0
ptg000031l	183201	183202	10.0	0.0	4.0	10.0
ptg000031l	183301	183302	13.0	2.0	5.0	15.0
ptg000031l	183401	183402	6.0	8.0	4.0	7.0
ptg000031l	183501	183502	4.0	3.0	3.0	5.0
ptg000031l	183601	183602	0.0	3.0	1.0	0.0
ptg000031l	183701	183702	1.0	7.0	7.0	6.0
ptg000031l	183801	183802	7.0	10.0	6.0	6.0
ptg000031l	183901	183902	4.0	2.0	1.0	0.0
ptg000031l	184001	184002	8.0	4.0	9.0	4.0
ptg000031l	184101	184102	6.0	6.0	7.0	0.0
ptg000031l	184201	184202	9.0	11.0	13.0	8.0
ptg000031l	184301	184302	4.0	4.0	5.0	16.0
ptg000031l	184401	184402	2.0	3.0	2.0	3.0
ptg000031l	184501	184502	9.0	9.0	13.0	4.0
ptg000031l	184601	184602	18.0	14.0	23.0	18.0
ptg000031l	184701	184702	11.0	7.0	14.0	6.0
ptg000031l	184801	184802	2.0	0.0	1.0	0.0
ptg000031l	184901	184902	4.0	0.0	4.0	0.0
ptg000031l	185001	185002	3.0	0.0	2.0	3.0
ptg000031l	185101	185102	1.0	2.0	0.0	4.0
ptg000031l	185201	185202	3.0	2.0	4.0	4.0
ptg000031l	185301	185302	18.0	10.0	20.0	14.0
ptg000031l	185401	185402	32.0	21.0	28.0	25.0
ptg000031l	185501	185502	10.0	12.0	9.0	15.0
ptg000031l	185601	185602	19.0	14.0	19.0	13.0
ptg000031l	185701	185702	30.0	22.0	21.0	17.0
ptg000031l	185801	185802	8.0	5.0	8.0	5.0
ptg000031l	185901	185902	0.0	1.0	0.0	1.0
ptg000031l	186001	186002	7.0	6.0	5.0	3.0
ptg000031l	186101	186102	4.0	2.0	2.0	1.0
ptg000031l	186201	186202	0.0	1.0	0.0	0.0
ptg000031l	186301	186302	0.0	0.0	0.0	0.0
ptg000031l	186401	186402	0.0	2.0	1.0	0.0
ptg000031l	186501	186502	0.0	1.0	1.0	0.0
ptg000031l	186601	186602	0.0	1.0	0.0	0.0
ptg000031l	186701	186702	9.0	7.0	12.0	6.0
ptg000031l	186801	186802	5.0	4.0	8.0	1.0
ptg000031l	186901	186902	3.0	5.0	10.0	3.0
ptg000031l	187001	187002	3.0	1.0	7.0	3.0
ptg000031l	187101	187102	2.0	0.0	0.0	1.0
ptg000031l	187201	187202	1.0	0.0	0.0	1.0
ptg000031l	187301	187302	0.0	0.0	0.0	0.0
ptg000031l	187401	187402	0.0	0.0	0.0	0.0
ptg000031l	187501	187502	0.0	0.0	0.0	0.0
ptg000031l	187601	187602	0.0	1.0	2.0	1.0
ptg000031l	187701	187702	0.0	0.0	1.0	1.0
ptg000031l	187801	187802	0.0	3.0	2.0	1.0
ptg000031l	187901	187902	6.0	3.0	3.0	8.0
ptg000031l	188001	188002	11.0	3.0	2.0	8.0
ptg000031l	188101	188102	0.0	1.0	1.0	2.0
ptg000031l	188201	188202	4.0	8.0	13.0	10.0
ptg000031l	188301	188302	16.0	20.0	22.0	22.0
ptg000031l	188401	188402	9.0	8.0	11.0	18.0
ptg000031l	188501	188502	24.0	16.0	24.0	33.0
ptg000031l	188601	188602	12.0	21.0	31.0	24.0
ptg000031l	188701	188702	11.0	9.0	6.0	9.0
ptg000031l	188801	188802	5.0	3.0	0.0	4.0
ptg000031l	188901	188902	14.0	9.0	8.0	9.0
ptg000031l	189001	189002	20.0	17.0	17.0	12.0
ptg000031l	189101	189102	11.0	6.0	20.0	2.0
ptg000031l	189201	189202	0.0	0.0	0.0	0.0
ptg000031l	189301	189302	8.0	8.0	10.0	7.0
ptg000031l	189401	189402	19.0	14.0	20.0	13.0
ptg000031l	189501	189502	17.0	9.0	16.0	11.0
ptg000031l	189601	189602	17.0	9.0	10.0	14.0
ptg000031l	189701	189702	12.0	13.0	10.0	13.0
ptg000031l	189801	189802	0.0	0.0	1.0	1.0
ptg000031l	189901	189902	6.0	2.0	9.0	3.0
ptg000031l	190001	190002	4.0	4.0	8.0	4.0
ptg000031l	190101	190102	0.0	0.0	0.0	0.0
ptg000031l	190201	190202	0.0	0.0	0.0	0.0
ptg000031l	190301	190302	2.0	0.0	0.0	0.0
ptg000031l	190401	190402	11.0	10.0	10.0	5.0
ptg000031l	190501	190502	12.0	12.0	12.0	5.0
ptg000031l	190601	190602	16.0	5.0	12.0	11.0
ptg000031l	190701	190702	6.0	3.0	3.0	3.0
ptg000031l	190801	190802	0.0	0.0	0.0	0.0
ptg000031l	190901	190902	4.0	3.0	2.0	0.0
ptg000031l	191001	191002	12.0	5.0	7.0	2.0
ptg000031l	191101	191102	1.0	1.0	2.0	2.0
ptg000031l	191201	191202	10.0	8.0	6.0	11.0
ptg000031l	191301	191302	9.0	6.0	4.0	6.0
ptg000031l	191401	191402	5.0	1.0	1.0	0.0
ptg000031l	191501	191502	13.0	8.0	12.0	6.0
ptg000031l	191601	191602	8.0	10.0	12.0	9.0
ptg000031l	191701	191702	16.0	5.0	13.0	7.0
ptg000031l	191801	191802	9.0	3.0	7.0	4.0
ptg000031l	191901	191902	0.0	0.0	1.0	3.0
ptg000031l	192001	192002	0.0	1.0	0.0	0.0
ptg000031l	192101	192102	0.0	1.0	0.0	0.0
ptg000031l	192201	192202	5.0	2.0	6.0	2.0
ptg000031l	192301	192302	4.0	1.0	4.0	0.0
ptg000031l	192401	192402	19.0	4.0	17.0	4.0
ptg000031l	192501	192502	1.0	0.0	0.0	0.0
ptg000031l	192601	192602	2.0	1.0	2.0	0.0
ptg000031l	192701	192702	21.0	9.0	22.0	1.0
ptg000031l	192801	192802	13.0	16.0	18.0	1.0
ptg000031l	192901	192902	30.0	10.0	21.0	1.0
ptg000031l	193001	193002	24.0	6.0	17.0	1.0
ptg000031l	193101	193102	21.0	3.0	18.0	1.0
ptg000031l	193201	193202	29.0	2.0	27.0	0.0
ptg000031l	193301	193302	25.0	5.0	25.0	1.0
ptg000031l	193401	193402	35.0	8.0	25.0	4.0
ptg000031l	193501	193502	63.0	12.0	38.0	6.0
ptg000031l	193601	193602	88.0	12.0	40.0	9.0
ptg000031l	193701	193702	43.0	9.0	25.0	6.0
ptg000031l	193801	193802	13.0	2.0	13.0	5.0
ptg000031l	193901	193902	16.0	5.0	18.0	14.0
ptg000031l	194001	194002	3.0	1.0	4.0	1.0
ptg000031l	194101	194102	17.0	16.0	26.0	23.0
ptg000031l	194201	194202	10.0	18.0	20.0	16.0
ptg000031l	194301	194302	5.0	7.0	6.0	2.0
ptg000031l	194401	194402	7.0	5.0	4.0	6.0
ptg000031l	194501	194502	13.0	6.0	9.0	11.0
ptg000031l	194601	194602	5.0	2.0	6.0	6.0
ptg000031l	194701	194702	1.0	0.0	1.0	0.0
ptg000031l	194801	194802	3.0	0.0	4.0	0.0
ptg000031l	194901	194902	5.0	2.0	4.0	2.0
ptg000031l	195001	195002	8.0	3.0	3.0	4.0
ptg000031l	195101	195102	5.0	4.0	3.0	4.0
ptg000031l	195201	195202	5.0	4.0	3.0	5.0
ptg000031l	195301	195302	3.0	5.0	5.0	8.0
ptg000031l	195401	195402	10.0	5.0	3.0	8.0
ptg000031l	195501	195502	8.0	6.0	4.0	6.0
ptg000031l	195601	195602	11.0	7.0	4.0	6.0
ptg000031l	195701	195702	3.0	7.0	4.0	5.0
ptg000031l	195801	195802	0.0	0.0	1.0	0.0
ptg000031l	195901	195902	1.0	2.0	3.0	3.0
ptg000031l	196001	196002	3.0	4.0	3.0	6.0
ptg000031l	196101	196102	2.0	5.0	1.0	6.0
ptg000031l	196201	196202	2.0	4.0	0.0	2.0
ptg000031l	196301	196302	0.0	0.0	0.0	0.0
ptg000031l	196401	196402	0.0	0.0	1.0	0.0
ptg000031l	196501	196502	0.0	0.0	1.0	0.0
ptg000031l	196601	196602	6.0	0.0	4.0	0.0
ptg000031l	196701	196702	4.0	2.0	4.0	1.0
ptg000031l	196801	196802	8.0	2.0	2.0	1.0
ptg000031l	196901	196902	7.0	0.0	5.0	1.0
ptg000031l	197001	197002	3.0	0.0	2.0	0.0
ptg000031l	197101	197102	4.0	1.0	0.0	0.0
ptg000031l	197201	197202	5.0	2.0	1.0	1.0
ptg000031l	197301	197302	3.0	2.0	1.0	1.0
ptg000031l	197401	197402	2.0	3.0	3.0	2.0
ptg000031l	197501	197502	0.0	0.0	0.0	3.0
ptg000031l	197601	197602	9.0	3.0	5.0	4.0
ptg000031l	197701	197702	16.0	8.0	18.0	8.0
ptg000031l	197801	197802	8.0	11.0	17.0	7.0
ptg000031l	197901	197902	4.0	7.0	12.0	4.0
ptg000031l	198001	198002	8.0	5.0	7.0	5.0
ptg000031l	198101	198102	6.0	5.0	11.0	3.0
ptg000031l	198201	198202	3.0	0.0	6.0	2.0
ptg000031l	198301	198302	1.0	0.0	1.0	1.0
ptg000031l	198401	198402	7.0	2.0	3.0	3.0
ptg000031l	198501	198502	1.0	0.0	0.0	0.0
ptg000031l	198601	198602	0.0	0.0	0.0	1.0
ptg000031l	198701	198702	0.0	0.0	0.0	1.0
ptg000031l	198801	198802	0.0	0.0	0.0	1.0
ptg000031l	198901	198902	26.0	3.0	14.0	15.0
ptg000031l	199001	199002	43.0	7.0	27.0	13.0
ptg000031l	199101	199102	12.0	4.0	13.0	2.0
ptg000031l	199201	199202	2.0	0.0	4.0	0.0
ptg000031l	199301	199302	0.0	0.0	2.0	0.0
ptg000031l	199401	199402	2.0	1.0	0.0	1.0
ptg000031l	199501	199502	0.0	0.0	0.0	2.0
