#plotCoverage --outRawCounts
#'chr'	'start'	'end'	'S1.dedup.bam'	'S2.dedup.bam'	'S3.dedup.bam'	'S4.dedup.bam'
ptg000050l	1	2	0.0	0.0	0.0	0.0
ptg000050l	101	102	4.0	5.0	2.0	2.0
ptg000050l	201	202	6.0	6.0	4.0	2.0
ptg000050l	301	302	5.0	7.0	8.0	4.0
ptg000050l	401	402	11.0	6.0	10.0	9.0
ptg000050l	501	502	5.0	4.0	6.0	4.0
ptg000050l	601	602	0.0	0.0	1.0	3.0
ptg000050l	701	702	1.0	0.0	2.0	2.0
ptg000050l	801	802	2.0	5.0	7.0	6.0
ptg000050l	901	902	2.0	3.0	6.0	6.0
ptg000050l	1001	1002	0.0	7.0	5.0	8.0
ptg000050l	1101	1102	1.0	5.0	6.0	2.0
ptg000050l	1201	1202	2.0	3.0	2.0	1.0
ptg000050l	1301	1302	0.0	0.0	0.0	1.0
ptg000050l	1401	1402	2.0	4.0	4.0	2.0
ptg000050l	1501	1502	0.0	1.0	3.0	2.0
ptg000050l	1601	1602	1.0	1.0	3.0	3.0
ptg000050l	1701	1702	1.0	0.0	2.0	1.0
ptg000050l	1801	1802	0.0	0.0	0.0	0.0
ptg000050l	1901	1902	2.0	2.0	2.0	0.0
ptg000050l	2001	2002	0.0	0.0	0.0	0.0
ptg000050l	2101	2102	0.0	0.0	0.0	0.0
ptg000050l	2201	2202	2.0	3.0	1.0	1.0
ptg000050l	2301	2302	0.0	0.0	0.0	0.0
ptg000050l	2401	2402	0.0	0.0	0.0	0.0
ptg000050l	2501	2502	0.0	0.0	0.0	0.0
ptg000050l	2601	2602	0.0	0.0	0.0	0.0
ptg000050l	2701	2702	0.0	0.0	0.0	0.0
ptg000050l	2801	2802	0.0	0.0	0.0	0.0
ptg000050l	2901	2902	0.0	0.0	0.0	0.0
ptg000050l	3001	3002	0.0	0.0	0.0	1.0
ptg000050l	3101	3102	0.0	1.0	1.0	3.0
ptg000050l	3201	3202	3.0	4.0	1.0	5.0
ptg000050l	3301	3302	1.0	0.0	0.0	2.0
ptg000050l	3401	3402	1.0	0.0	0.0	0.0
ptg000050l	3501	3502	0.0	0.0	0.0	1.0
ptg000050l	3601	3602	0.0	0.0	0.0	1.0
ptg000050l	3701	3702	0.0	0.0	0.0	0.0
ptg000050l	3801	3802	0.0	1.0	0.0	0.0
ptg000050l	3901	3902	0.0	0.0	0.0	0.0
ptg000050l	4001	4002	0.0	0.0	0.0	0.0
ptg000050l	4101	4102	0.0	0.0	0.0	0.0
ptg000050l	4201	4202	0.0	0.0	0.0	0.0
ptg000050l	4301	4302	0.0	0.0	0.0	0.0
ptg000050l	4401	4402	0.0	0.0	0.0	0.0
ptg000050l	4501	4502	0.0	0.0	0.0	0.0
ptg000050l	4601	4602	0.0	0.0	0.0	0.0
ptg000050l	4701	4702	0.0	0.0	0.0	0.0
ptg000050l	4801	4802	0.0	2.0	0.0	0.0
ptg000050l	4901	4902	0.0	4.0	0.0	0.0
ptg000050l	5001	5002	0.0	2.0	1.0	0.0
ptg000050l	5101	5102	0.0	0.0	1.0	0.0
ptg000050l	5201	5202	0.0	0.0	1.0	0.0
ptg000050l	5301	5302	0.0	1.0	0.0	0.0
ptg000050l	5401	5402	0.0	0.0	0.0	0.0
ptg000050l	5501	5502	0.0	0.0	0.0	0.0
ptg000050l	5601	5602	0.0	0.0	0.0	0.0
ptg000050l	5701	5702	0.0	0.0	0.0	0.0
ptg000050l	5801	5802	0.0	0.0	0.0	0.0
ptg000050l	5901	5902	0.0	0.0	0.0	0.0
ptg000050l	6001	6002	0.0	0.0	0.0	0.0
ptg000050l	6101	6102	0.0	0.0	0.0	0.0
ptg000050l	6201	6202	0.0	0.0	0.0	0.0
ptg000050l	6301	6302	0.0	0.0	0.0	0.0
ptg000050l	6401	6402	0.0	0.0	0.0	0.0
ptg000050l	6501	6502	0.0	1.0	3.0	4.0
ptg000050l	6601	6602	0.0	2.0	12.0	5.0
ptg000050l	6701	6702	0.0	0.0	0.0	1.0
ptg000050l	6801	6802	0.0	0.0	0.0	0.0
ptg000050l	6901	6902	0.0	0.0	0.0	0.0
ptg000050l	7001	7002	0.0	0.0	0.0	0.0
ptg000050l	7101	7102	0.0	0.0	2.0	0.0
ptg000050l	7201	7202	0.0	0.0	0.0	0.0
ptg000050l	7301	7302	0.0	0.0	0.0	0.0
ptg000050l	7401	7402	0.0	0.0	0.0	0.0
ptg000050l	7501	7502	0.0	0.0	2.0	0.0
ptg000050l	7601	7602	0.0	0.0	1.0	0.0
ptg000050l	7701	7702	0.0	0.0	0.0	0.0
ptg000050l	7801	7802	0.0	0.0	0.0	0.0
ptg000050l	7901	7902	0.0	0.0	0.0	0.0
ptg000050l	8001	8002	0.0	0.0	0.0	0.0
ptg000050l	8101	8102	0.0	0.0	0.0	0.0
ptg000050l	8201	8202	0.0	0.0	0.0	0.0
ptg000050l	8301	8302	0.0	0.0	0.0	0.0
ptg000050l	8401	8402	0.0	0.0	0.0	0.0
ptg000050l	8501	8502	0.0	0.0	0.0	0.0
ptg000050l	8601	8602	2.0	2.0	0.0	1.0
ptg000050l	8701	8702	0.0	1.0	0.0	0.0
ptg000050l	8801	8802	1.0	4.0	3.0	1.0
ptg000050l	8901	8902	0.0	3.0	2.0	2.0
ptg000050l	9001	9002	0.0	0.0	0.0	0.0
ptg000050l	9101	9102	0.0	0.0	0.0	0.0
ptg000050l	9201	9202	0.0	1.0	2.0	1.0
ptg000050l	9301	9302	0.0	0.0	0.0	0.0
ptg000050l	9401	9402	1.0	2.0	5.0	1.0
ptg000050l	9501	9502	1.0	0.0	2.0	0.0
ptg000050l	9601	9602	6.0	3.0	7.0	2.0
ptg000050l	9701	9702	5.0	2.0	6.0	1.0
ptg000050l	9801	9802	8.0	3.0	6.0	2.0
ptg000050l	9901	9902	6.0	4.0	3.0	3.0
ptg000050l	10001	10002	17.0	14.0	10.0	8.0
ptg000050l	10101	10102	5.0	9.0	6.0	4.0
ptg000050l	10201	10202	4.0	7.0	3.0	4.0
ptg000050l	10301	10302	26.0	25.0	25.0	13.0
ptg000050l	10401	10402	18.0	18.0	18.0	10.0
ptg000050l	10501	10502	0.0	0.0	0.0	0.0
ptg000050l	10601	10602	2.0	0.0	1.0	0.0
ptg000050l	10701	10702	4.0	2.0	2.0	2.0
ptg000050l	10801	10802	9.0	4.0	6.0	8.0
ptg000050l	10901	10902	14.0	9.0	10.0	7.0
ptg000050l	11001	11002	6.0	3.0	8.0	2.0
ptg000050l	11101	11102	0.0	0.0	0.0	0.0
ptg000050l	11201	11202	2.0	1.0	1.0	0.0
ptg000050l	11301	11302	3.0	5.0	7.0	6.0
ptg000050l	11401	11402	2.0	2.0	2.0	4.0
ptg000050l	11501	11502	2.0	0.0	1.0	1.0
ptg000050l	11601	11602	1.0	1.0	0.0	0.0
ptg000050l	11701	11702	6.0	7.0	7.0	6.0
ptg000050l	11801	11802	9.0	3.0	5.0	10.0
ptg000050l	11901	11902	1.0	0.0	1.0	2.0
ptg000050l	12001	12002	2.0	1.0	3.0	2.0
ptg000050l	12101	12102	6.0	12.0	4.0	4.0
ptg000050l	12201	12202	5.0	8.0	6.0	13.0
ptg000050l	12301	12302	8.0	5.0	7.0	10.0
ptg000050l	12401	12402	10.0	4.0	11.0	12.0
ptg000050l	12501	12502	2.0	0.0	3.0	2.0
ptg000050l	12601	12602	5.0	2.0	8.0	6.0
ptg000050l	12701	12702	7.0	5.0	8.0	19.0
ptg000050l	12801	12802	7.0	8.0	14.0	9.0
ptg000050l	12901	12902	3.0	9.0	17.0	15.0
ptg000050l	13001	13002	9.0	9.0	11.0	11.0
ptg000050l	13101	13102	9.0	19.0	20.0	11.0
ptg000050l	13201	13202	12.0	14.0	21.0	9.0
ptg000050l	13301	13302	7.0	6.0	7.0	3.0
ptg000050l	13401	13402	3.0	4.0	1.0	2.0
ptg000050l	13501	13502	1.0	0.0	2.0	2.0
ptg000050l	13601	13602	0.0	0.0	0.0	0.0
ptg000050l	13701	13702	2.0	1.0	1.0	0.0
ptg000050l	13801	13802	0.0	1.0	0.0	0.0
ptg000050l	13901	13902	3.0	4.0	2.0	2.0
ptg000050l	14001	14002	1.0	0.0	2.0	1.0
ptg000050l	14101	14102	6.0	2.0	2.0	7.0
ptg000050l	14201	14202	20.0	14.0	12.0	15.0
ptg000050l	14301	14302	14.0	17.0	10.0	15.0
ptg000050l	14401	14402	5.0	0.0	4.0	6.0
ptg000050l	14501	14502	7.0	1.0	6.0	6.0
ptg000050l	14601	14602	6.0	0.0	5.0	3.0
ptg000050l	14701	14702	1.0	0.0	0.0	0.0
ptg000050l	14801	14802	1.0	3.0	4.0	1.0
ptg000050l	14901	14902	1.0	2.0	4.0	3.0
ptg000050l	15001	15002	0.0	0.0	3.0	0.0
ptg000050l	15101	15102	9.0	3.0	8.0	7.0
ptg000050l	15201	15202	10.0	5.0	11.0	6.0
ptg000050l	15301	15302	3.0	2.0	4.0	1.0
ptg000050l	15401	15402	7.0	5.0	13.0	3.0
ptg000050l	15501	15502	10.0	6.0	12.0	8.0
ptg000050l	15601	15602	11.0	9.0	11.0	10.0
ptg000050l	15701	15702	18.0	9.0	12.0	10.0
ptg000050l	15801	15802	19.0	10.0	19.0	12.0
ptg000050l	15901	15902	16.0	12.0	14.0	9.0
ptg000050l	16001	16002	12.0	11.0	13.0	11.0
ptg000050l	16101	16102	21.0	5.0	15.0	13.0
ptg000050l	16201	16202	21.0	13.0	21.0	13.0
ptg000050l	16301	16302	16.0	13.0	13.0	4.0
ptg000050l	16401	16402	15.0	15.0	11.0	6.0
ptg000050l	16501	16502	15.0	13.0	12.0	8.0
ptg000050l	16601	16602	10.0	9.0	7.0	6.0
ptg000050l	16701	16702	8.0	6.0	11.0	4.0
ptg000050l	16801	16802	7.0	8.0	9.0	5.0
ptg000050l	16901	16902	11.0	8.0	9.0	5.0
ptg000050l	17001	17002	13.0	9.0	5.0	9.0
ptg000050l	17101	17102	5.0	6.0	8.0	6.0
ptg000050l	17201	17202	0.0	0.0	0.0	0.0
ptg000050l	17301	17302	3.0	0.0	0.0	3.0
ptg000050l	17401	17402	0.0	0.0	0.0	1.0
ptg000050l	17501	17502	24.0	11.0	20.0	11.0
ptg000050l	17601	17602	14.0	6.0	10.0	6.0
ptg000050l	17701	17702	0.0	2.0	0.0	0.0
ptg000050l	17801	17802	2.0	3.0	1.0	2.0
ptg000050l	17901	17902	2.0	2.0	3.0	2.0
ptg000050l	18001	18002	1.0	2.0	1.0	0.0
ptg000050l	18101	18102	3.0	4.0	3.0	1.0
ptg000050l	18201	18202	1.0	1.0	2.0	0.0
ptg000050l	18301	18302	2.0	2.0	3.0	0.0
ptg000050l	18401	18402	2.0	4.0	3.0	6.0
ptg000050l	18501	18502	0.0	3.0	6.0	6.0
ptg000050l	18601	18602	2.0	3.0	2.0	3.0
ptg000050l	18701	18702	2.0	2.0	1.0	0.0
ptg000050l	18801	18802	4.0	4.0	4.0	6.0
ptg000050l	18901	18902	2.0	0.0	1.0	0.0
ptg000050l	19001	19002	3.0	0.0	2.0	2.0
ptg000050l	19101	19102	4.0	0.0	2.0	4.0
ptg000050l	19201	19202	0.0	0.0	0.0	0.0
ptg000050l	19301	19302	5.0	0.0	5.0	9.0
ptg000050l	19401	19402	2.0	0.0	3.0	9.0
ptg000050l	19501	19502	0.0	0.0	0.0	0.0
ptg000050l	19601	19602	0.0	0.0	0.0	0.0
ptg000050l	19701	19702	0.0	0.0	0.0	0.0
ptg000050l	19801	19802	11.0	10.0	9.0	7.0
ptg000050l	19901	19902	13.0	4.0	11.0	8.0
ptg000050l	20001	20002	12.0	6.0	5.0	4.0
ptg000050l	20101	20102	16.0	7.0	12.0	11.0
ptg000050l	20201	20202	0.0	0.0	0.0	2.0
ptg000050l	20301	20302	2.0	3.0	2.0	5.0
ptg000050l	20401	20402	0.0	0.0	1.0	0.0
ptg000050l	20501	20502	0.0	0.0	0.0	0.0
ptg000050l	20601	20602	1.0	1.0	0.0	0.0
ptg000050l	20701	20702	1.0	1.0	0.0	0.0
ptg000050l	20801	20802	4.0	0.0	0.0	0.0
ptg000050l	20901	20902	4.0	0.0	1.0	2.0
ptg000050l	21001	21002	0.0	0.0	1.0	2.0
ptg000050l	21101	21102	0.0	1.0	0.0	1.0
ptg000050l	21201	21202	4.0	2.0	1.0	3.0
ptg000050l	21301	21302	1.0	3.0	1.0	0.0
ptg000050l	21401	21402	2.0	0.0	1.0	0.0
ptg000050l	21501	21502	2.0	1.0	1.0	0.0
ptg000050l	21601	21602	4.0	5.0	3.0	0.0
ptg000050l	21701	21702	5.0	3.0	3.0	1.0
ptg000050l	21801	21802	7.0	6.0	8.0	1.0
ptg000050l	21901	21902	10.0	10.0	14.0	4.0
ptg000050l	22001	22002	2.0	2.0	4.0	3.0
ptg000050l	22101	22102	2.0	0.0	3.0	0.0
ptg000050l	22201	22202	4.0	0.0	3.0	1.0
ptg000050l	22301	22302	2.0	1.0	4.0	2.0
ptg000050l	22401	22402	5.0	1.0	3.0	1.0
ptg000050l	22501	22502	3.0	1.0	0.0	1.0
ptg000050l	22601	22602	3.0	1.0	0.0	3.0
ptg000050l	22701	22702	1.0	0.0	1.0	0.0
ptg000050l	22801	22802	0.0	0.0	0.0	0.0
ptg000050l	22901	22902	0.0	0.0	0.0	0.0
ptg000050l	23001	23002	0.0	0.0	0.0	0.0
ptg000050l	23101	23102	0.0	0.0	0.0	0.0
ptg000050l	23201	23202	1.0	0.0	0.0	0.0
ptg000050l	23301	23302	0.0	0.0	0.0	0.0
ptg000050l	23401	23402	0.0	0.0	0.0	0.0
ptg000050l	23501	23502	0.0	0.0	0.0	0.0
ptg000050l	23601	23602	0.0	0.0	0.0	0.0
ptg000050l	23701	23702	0.0	0.0	0.0	0.0
ptg000050l	23801	23802	0.0	0.0	0.0	0.0
ptg000050l	23901	23902	0.0	0.0	0.0	0.0
ptg000050l	24001	24002	0.0	0.0	0.0	0.0
ptg000050l	24101	24102	0.0	0.0	0.0	0.0
ptg000050l	24201	24202	0.0	0.0	0.0	0.0
ptg000050l	24301	24302	0.0	0.0	0.0	0.0
ptg000050l	24401	24402	4.0	0.0	1.0	1.0
ptg000050l	24501	24502	6.0	1.0	1.0	1.0
ptg000050l	24601	24602	0.0	0.0	0.0	0.0
ptg000050l	24701	24702	0.0	0.0	0.0	0.0
ptg000050l	24801	24802	0.0	0.0	0.0	0.0
ptg000050l	24901	24902	0.0	0.0	0.0	0.0
ptg000050l	25001	25002	0.0	0.0	0.0	0.0
ptg000050l	25101	25102	0.0	0.0	0.0	0.0
ptg000050l	25201	25202	0.0	0.0	0.0	0.0
ptg000050l	25301	25302	0.0	0.0	0.0	0.0
ptg000050l	25401	25402	0.0	0.0	0.0	0.0
ptg000050l	25501	25502	0.0	0.0	1.0	0.0
ptg000050l	25601	25602	0.0	0.0	0.0	1.0
ptg000050l	25701	25702	0.0	0.0	0.0	1.0
ptg000050l	25801	25802	0.0	0.0	0.0	0.0
ptg000050l	25901	25902	2.0	4.0	3.0	0.0
ptg000050l	26001	26002	12.0	10.0	16.0	8.0
ptg000050l	26101	26102	9.0	12.0	15.0	10.0
ptg000050l	26201	26202	6.0	2.0	6.0	6.0
ptg000050l	26301	26302	17.0	16.0	20.0	22.0
ptg000050l	26401	26402	11.0	14.0	11.0	13.0
ptg000050l	26501	26502	6.0	7.0	11.0	12.0
ptg000050l	26601	26602	28.0	28.0	22.0	37.0
ptg000050l	26701	26702	30.0	28.0	23.0	38.0
ptg000050l	26801	26802	21.0	19.0	17.0	23.0
ptg000050l	26901	26902	19.0	22.0	19.0	20.0
ptg000050l	27001	27002	16.0	14.0	16.0	19.0
ptg000050l	27101	27102	3.0	1.0	1.0	6.0
ptg000050l	27201	27202	0.0	0.0	0.0	0.0
ptg000050l	27301	27302	0.0	0.0	0.0	0.0
ptg000050l	27401	27402	0.0	0.0	0.0	0.0
ptg000050l	27501	27502	0.0	0.0	0.0	0.0
ptg000050l	27601	27602	0.0	0.0	0.0	0.0
ptg000050l	27701	27702	0.0	0.0	1.0	1.0
ptg000050l	27801	27802	1.0	2.0	4.0	2.0
ptg000050l	27901	27902	1.0	0.0	1.0	0.0
ptg000050l	28001	28002	0.0	0.0	0.0	0.0
ptg000050l	28101	28102	0.0	0.0	0.0	0.0
ptg000050l	28201	28202	1.0	4.0	1.0	4.0
ptg000050l	28301	28302	11.0	11.0	12.0	16.0
ptg000050l	28401	28402	7.0	4.0	3.0	5.0
ptg000050l	28501	28502	8.0	13.0	13.0	4.0
ptg000050l	28601	28602	7.0	10.0	12.0	3.0
ptg000050l	28701	28702	0.0	0.0	0.0	0.0
ptg000050l	28801	28802	4.0	1.0	5.0	5.0
ptg000050l	28901	28902	0.0	1.0	1.0	0.0
ptg000050l	29001	29002	0.0	0.0	0.0	0.0
ptg000050l	29101	29102	2.0	0.0	0.0	0.0
ptg000050l	29201	29202	0.0	0.0	0.0	0.0
ptg000050l	29301	29302	1.0	1.0	0.0	0.0
ptg000050l	29401	29402	1.0	1.0	0.0	0.0
ptg000050l	29501	29502	0.0	0.0	0.0	0.0
ptg000050l	29601	29602	0.0	0.0	0.0	0.0
ptg000050l	29701	29702	2.0	0.0	0.0	0.0
ptg000050l	29801	29802	0.0	0.0	0.0	0.0
ptg000050l	29901	29902	0.0	0.0	0.0	0.0
ptg000050l	30001	30002	1.0	0.0	0.0	0.0
ptg000050l	30101	30102	0.0	0.0	0.0	0.0
ptg000050l	30201	30202	0.0	0.0	0.0	0.0
ptg000050l	30301	30302	0.0	0.0	0.0	0.0
ptg000050l	30401	30402	0.0	0.0	0.0	0.0
ptg000050l	30501	30502	1.0	1.0	1.0	1.0
ptg000050l	30601	30602	1.0	0.0	0.0	1.0
ptg000050l	30701	30702	1.0	1.0	1.0	1.0
ptg000050l	30801	30802	0.0	0.0	0.0	0.0
ptg000050l	30901	30902	0.0	0.0	0.0	0.0
ptg000050l	31001	31002	0.0	0.0	5.0	2.0
ptg000050l	31101	31102	13.0	12.0	21.0	10.0
ptg000050l	31201	31202	25.0	24.0	24.0	22.0
ptg000050l	31301	31302	15.0	23.0	20.0	20.0
ptg000050l	31401	31402	15.0	28.0	25.0	29.0
ptg000050l	31501	31502	8.0	14.0	16.0	19.0
ptg000050l	31601	31602	7.0	6.0	6.0	10.0
ptg000050l	31701	31702	10.0	9.0	24.0	14.0
ptg000050l	31801	31802	9.0	8.0	26.0	11.0
ptg000050l	31901	31902	5.0	5.0	4.0	4.0
ptg000050l	32001	32002	2.0	3.0	1.0	0.0
ptg000050l	32101	32102	1.0	0.0	0.0	0.0
ptg000050l	32201	32202	0.0	0.0	0.0	0.0
ptg000050l	32301	32302	0.0	0.0	0.0	0.0
ptg000050l	32401	32402	0.0	0.0	0.0	1.0
ptg000050l	32501	32502	0.0	0.0	0.0	0.0
ptg000050l	32601	32602	2.0	1.0	0.0	3.0
ptg000050l	32701	32702	4.0	1.0	1.0	4.0
ptg000050l	32801	32802	0.0	0.0	0.0	0.0
ptg000050l	32901	32902	1.0	0.0	0.0	0.0
ptg000050l	33001	33002	1.0	0.0	0.0	0.0
ptg000050l	33101	33102	0.0	0.0	0.0	0.0
ptg000050l	33201	33202	0.0	0.0	0.0	0.0
ptg000050l	33301	33302	0.0	0.0	0.0	0.0
ptg000050l	33401	33402	0.0	0.0	0.0	0.0
ptg000050l	33501	33502	0.0	0.0	0.0	0.0
ptg000050l	33601	33602	0.0	0.0	0.0	0.0
ptg000050l	33701	33702	2.0	2.0	0.0	1.0
ptg000050l	33801	33802	0.0	1.0	0.0	1.0
ptg000050l	33901	33902	0.0	0.0	0.0	0.0
ptg000050l	34001	34002	0.0	0.0	1.0	0.0
ptg000050l	34101	34102	0.0	0.0	0.0	0.0
ptg000050l	34201	34202	0.0	0.0	1.0	2.0
ptg000050l	34301	34302	0.0	0.0	1.0	0.0
ptg000050l	34401	34402	0.0	1.0	0.0	1.0
ptg000050l	34501	34502	0.0	0.0	0.0	0.0
ptg000050l	34601	34602	5.0	0.0	2.0	7.0
ptg000050l	34701	34702	0.0	0.0	0.0	0.0
ptg000050l	34801	34802	5.0	7.0	7.0	5.0
ptg000050l	34901	34902	1.0	4.0	6.0	2.0
ptg000050l	35001	35002	0.0	1.0	0.0	0.0
ptg000050l	35101	35102	6.0	9.0	4.0	7.0
ptg000050l	35201	35202	0.0	2.0	1.0	1.0
ptg000050l	35301	35302	1.0	1.0	0.0	1.0
ptg000050l	35401	35402	0.0	0.0	0.0	0.0
ptg000050l	35501	35502	0.0	0.0	0.0	0.0
ptg000050l	35601	35602	0.0	0.0	0.0	0.0
ptg000050l	35701	35702	0.0	0.0	0.0	0.0
ptg000050l	35801	35802	0.0	0.0	0.0	0.0
ptg000050l	35901	35902	0.0	0.0	0.0	0.0
ptg000050l	36001	36002	0.0	0.0	1.0	3.0
ptg000050l	36101	36102	0.0	0.0	1.0	1.0
ptg000050l	36201	36202	0.0	0.0	0.0	0.0
ptg000050l	36301	36302	0.0	0.0	0.0	0.0
ptg000050l	36401	36402	0.0	0.0	0.0	0.0
ptg000050l	36501	36502	0.0	0.0	0.0	0.0
ptg000050l	36601	36602	0.0	0.0	0.0	0.0
ptg000050l	36701	36702	0.0	0.0	0.0	0.0
ptg000050l	36801	36802	0.0	0.0	0.0	0.0
ptg000050l	36901	36902	0.0	0.0	0.0	0.0
ptg000050l	37001	37002	0.0	0.0	0.0	0.0
ptg000050l	37101	37102	0.0	0.0	0.0	0.0
ptg000050l	37201	37202	0.0	0.0	0.0	0.0
ptg000050l	37301	37302	0.0	0.0	0.0	0.0
ptg000050l	37401	37402	0.0	0.0	0.0	0.0
ptg000050l	37501	37502	0.0	0.0	0.0	0.0
ptg000050l	37601	37602	0.0	0.0	0.0	0.0
ptg000050l	37701	37702	0.0	0.0	0.0	0.0
ptg000050l	37801	37802	0.0	0.0	0.0	0.0
ptg000050l	37901	37902	0.0	0.0	0.0	0.0
ptg000050l	38001	38002	1.0	0.0	0.0	0.0
ptg000050l	38101	38102	0.0	0.0	0.0	0.0
ptg000050l	38201	38202	0.0	0.0	0.0	0.0
ptg000050l	38301	38302	0.0	0.0	0.0	0.0
ptg000050l	38401	38402	0.0	0.0	0.0	0.0
ptg000050l	38501	38502	0.0	0.0	0.0	0.0
ptg000050l	38601	38602	0.0	0.0	0.0	0.0
ptg000050l	38701	38702	0.0	0.0	0.0	0.0
ptg000050l	38801	38802	0.0	0.0	0.0	0.0
ptg000050l	38901	38902	0.0	0.0	0.0	0.0
ptg000050l	39001	39002	0.0	0.0	0.0	0.0
ptg000050l	39101	39102	2.0	2.0	4.0	2.0
ptg000050l	39201	39202	6.0	2.0	2.0	2.0
ptg000050l	39301	39302	3.0	1.0	0.0	0.0
ptg000050l	39401	39402	0.0	0.0	0.0	0.0
ptg000050l	39501	39502	0.0	0.0	1.0	0.0
ptg000050l	39601	39602	4.0	1.0	7.0	0.0
ptg000050l	39701	39702	3.0	4.0	8.0	3.0
ptg000050l	39801	39802	0.0	1.0	1.0	1.0
ptg000050l	39901	39902	0.0	0.0	0.0	0.0
ptg000050l	40001	40002	0.0	0.0	0.0	0.0
ptg000050l	40101	40102	0.0	0.0	0.0	0.0
ptg000050l	40201	40202	0.0	0.0	0.0	0.0
ptg000050l	40301	40302	0.0	0.0	0.0	0.0
ptg000050l	40401	40402	0.0	0.0	0.0	0.0
ptg000050l	40501	40502	0.0	0.0	0.0	0.0
ptg000050l	40601	40602	0.0	0.0	0.0	0.0
ptg000050l	40701	40702	0.0	0.0	0.0	0.0
ptg000050l	40801	40802	0.0	0.0	0.0	0.0
ptg000050l	40901	40902	0.0	0.0	0.0	0.0
ptg000050l	41001	41002	0.0	0.0	0.0	0.0
ptg000050l	41101	41102	2.0	1.0	0.0	0.0
ptg000050l	41201	41202	3.0	0.0	0.0	2.0
ptg000050l	41301	41302	1.0	0.0	0.0	1.0
ptg000050l	41401	41402	0.0	0.0	0.0	0.0
ptg000050l	41501	41502	2.0	1.0	0.0	0.0
ptg000050l	41601	41602	0.0	0.0	0.0	1.0
ptg000050l	41701	41702	0.0	0.0	0.0	0.0
ptg000050l	41801	41802	0.0	0.0	0.0	0.0
ptg000050l	41901	41902	0.0	0.0	0.0	0.0
ptg000050l	42001	42002	0.0	0.0	0.0	0.0
ptg000050l	42101	42102	0.0	0.0	0.0	0.0
ptg000050l	42201	42202	0.0	0.0	0.0	0.0
ptg000050l	42301	42302	0.0	0.0	0.0	0.0
ptg000050l	42401	42402	0.0	2.0	0.0	0.0
ptg000050l	42501	42502	0.0	0.0	0.0	0.0
ptg000050l	42601	42602	0.0	0.0	0.0	0.0
ptg000050l	42701	42702	0.0	0.0	0.0	0.0
ptg000050l	42801	42802	1.0	0.0	0.0	0.0
ptg000050l	42901	42902	1.0	1.0	0.0	0.0
ptg000050l	43001	43002	1.0	1.0	0.0	0.0
ptg000050l	43101	43102	0.0	1.0	1.0	2.0
ptg000050l	43201	43202	1.0	2.0	3.0	4.0
ptg000050l	43301	43302	6.0	5.0	3.0	1.0
ptg000050l	43401	43402	5.0	2.0	0.0	2.0
ptg000050l	43501	43502	1.0	2.0	1.0	0.0
ptg000050l	43601	43602	0.0	0.0	0.0	0.0
ptg000050l	43701	43702	0.0	0.0	0.0	0.0
ptg000050l	43801	43802	2.0	0.0	0.0	1.0
ptg000050l	43901	43902	2.0	0.0	1.0	0.0
ptg000050l	44001	44002	2.0	1.0	1.0	2.0
ptg000050l	44101	44102	2.0	1.0	0.0	1.0
ptg000050l	44201	44202	4.0	0.0	1.0	1.0
ptg000050l	44301	44302	6.0	3.0	2.0	1.0
ptg000050l	44401	44402	5.0	1.0	3.0	1.0
ptg000050l	44501	44502	1.0	1.0	5.0	0.0
ptg000050l	44601	44602	0.0	0.0	4.0	0.0
ptg000050l	44701	44702	1.0	0.0	3.0	0.0
ptg000050l	44801	44802	1.0	1.0	2.0	0.0
ptg000050l	44901	44902	0.0	1.0	0.0	0.0
ptg000050l	45001	45002	1.0	2.0	0.0	0.0
ptg000050l	45101	45102	4.0	3.0	0.0	0.0
ptg000050l	45201	45202	2.0	1.0	1.0	0.0
ptg000050l	45301	45302	2.0	3.0	1.0	1.0
ptg000050l	45401	45402	4.0	2.0	1.0	2.0
ptg000050l	45501	45502	6.0	1.0	3.0	1.0
ptg000050l	45601	45602	9.0	4.0	4.0	1.0
ptg000050l	45701	45702	2.0	6.0	2.0	3.0
ptg000050l	45801	45802	3.0	2.0	4.0	4.0
ptg000050l	45901	45902	5.0	3.0	2.0	1.0
ptg000050l	46001	46002	0.0	3.0	0.0	2.0
ptg000050l	46101	46102	0.0	3.0	1.0	3.0
ptg000050l	46201	46202	0.0	2.0	0.0	2.0
ptg000050l	46301	46302	1.0	0.0	0.0	1.0
ptg000050l	46401	46402	2.0	0.0	0.0	1.0
ptg000050l	46501	46502	1.0	0.0	2.0	1.0
ptg000050l	46601	46602	0.0	1.0	2.0	1.0
ptg000050l	46701	46702	1.0	1.0	0.0	1.0
ptg000050l	46801	46802	0.0	0.0	0.0	0.0
ptg000050l	46901	46902	0.0	1.0	2.0	0.0
ptg000050l	47001	47002	0.0	1.0	1.0	0.0
ptg000050l	47101	47102	0.0	0.0	0.0	0.0
ptg000050l	47201	47202	0.0	0.0	0.0	0.0
ptg000050l	47301	47302	2.0	0.0	0.0	1.0
ptg000050l	47401	47402	0.0	0.0	0.0	0.0
ptg000050l	47501	47502	31.0	27.0	35.0	20.0
ptg000050l	47601	47602	44.0	24.0	41.0	26.0
ptg000050l	47701	47702	15.0	23.0	16.0	22.0
ptg000050l	47801	47802	10.0	13.0	12.0	15.0
ptg000050l	47901	47902	8.0	8.0	4.0	17.0
ptg000050l	48001	48002	6.0	6.0	1.0	9.0
ptg000050l	48101	48102	4.0	5.0	9.0	3.0
ptg000050l	48201	48202	8.0	8.0	6.0	5.0
ptg000050l	48301	48302	5.0	2.0	2.0	5.0
ptg000050l	48401	48402	18.0	9.0	8.0	18.0
ptg000050l	48501	48502	22.0	8.0	13.0	17.0
ptg000050l	48601	48602	21.0	14.0	17.0	22.0
ptg000050l	48701	48702	10.0	9.0	11.0	17.0
ptg000050l	48801	48802	8.0	10.0	5.0	9.0
ptg000050l	48901	48902	3.0	8.0	1.0	2.0
ptg000050l	49001	49002	1.0	2.0	0.0	0.0
ptg000050l	49101	49102	9.0	5.0	1.0	3.0
ptg000050l	49201	49202	3.0	8.0	1.0	3.0
ptg000050l	49301	49302	3.0	3.0	3.0	9.0
ptg000050l	49401	49402	2.0	7.0	6.0	7.0
ptg000050l	49501	49502	8.0	14.0	6.0	6.0
ptg000050l	49601	49602	10.0	9.0	3.0	8.0
ptg000050l	49701	49702	5.0	6.0	6.0	6.0
ptg000050l	49801	49802	2.0	6.0	5.0	7.0
ptg000050l	49901	49902	0.0	0.0	0.0	0.0
ptg000050l	50001	50002	6.0	0.0	3.0	5.0
ptg000050l	50101	50102	15.0	8.0	14.0	9.0
ptg000050l	50201	50202	11.0	11.0	9.0	7.0
ptg000050l	50301	50302	8.0	7.0	8.0	9.0
ptg000050l	50401	50402	6.0	3.0	5.0	7.0
ptg000050l	50501	50502	5.0	4.0	11.0	7.0
ptg000050l	50601	50602	11.0	10.0	10.0	9.0
ptg000050l	50701	50702	11.0	4.0	7.0	3.0
ptg000050l	50801	50802	7.0	7.0	9.0	8.0
ptg000050l	50901	50902	7.0	2.0	13.0	8.0
ptg000050l	51001	51002	7.0	1.0	14.0	7.0
ptg000050l	51101	51102	17.0	7.0	16.0	7.0
ptg000050l	51201	51202	5.0	5.0	2.0	4.0
ptg000050l	51301	51302	13.0	13.0	12.0	12.0
ptg000050l	51401	51402	11.0	5.0	7.0	4.0
ptg000050l	51501	51502	25.0	18.0	19.0	18.0
ptg000050l	51601	51602	18.0	25.0	19.0	23.0
ptg000050l	51701	51702	0.0	0.0	0.0	0.0
ptg000050l	51801	51802	8.0	13.0	14.0	11.0
ptg000050l	51901	51902	0.0	0.0	2.0	2.0
ptg000050l	52001	52002	0.0	0.0	0.0	0.0
ptg000050l	52101	52102	12.0	6.0	10.0	13.0
ptg000050l	52201	52202	73.0	47.0	70.0	101.0
ptg000050l	52301	52302	44.0	28.0	52.0	75.0
ptg000050l	52401	52402	24.0	15.0	24.0	32.0
ptg000050l	52501	52502	2.0	2.0	1.0	2.0
ptg000050l	52601	52602	9.0	12.0	12.0	18.0
ptg000050l	52701	52702	22.0	19.0	43.0	12.0
ptg000050l	52801	52802	21.0	18.0	34.0	14.0
ptg000050l	52901	52902	6.0	8.0	7.0	2.0
ptg000050l	53001	53002	11.0	7.0	10.0	3.0
ptg000050l	53101	53102	42.0	23.0	48.0	22.0
ptg000050l	53201	53202	30.0	24.0	37.0	22.0
ptg000050l	53301	53302	33.0	9.0	27.0	11.0
ptg000050l	53401	53402	39.0	14.0	24.0	12.0
ptg000050l	53501	53502	22.0	8.0	15.0	8.0
ptg000050l	53601	53602	8.0	3.0	3.0	3.0
ptg000050l	53701	53702	3.0	4.0	1.0	3.0
ptg000050l	53801	53802	2.0	0.0	3.0	0.0
ptg000050l	53901	53902	4.0	0.0	4.0	0.0
ptg000050l	54001	54002	6.0	4.0	4.0	3.0
ptg000050l	54101	54102	1.0	0.0	5.0	1.0
ptg000050l	54201	54202	2.0	4.0	1.0	1.0
ptg000050l	54301	54302	8.0	7.0	8.0	7.0
ptg000050l	54401	54402	6.0	10.0	12.0	9.0
ptg000050l	54501	54502	9.0	8.0	13.0	5.0
ptg000050l	54601	54602	4.0	9.0	14.0	4.0
ptg000050l	54701	54702	12.0	8.0	13.0	5.0
ptg000050l	54801	54802	12.0	7.0	10.0	3.0
ptg000050l	54901	54902	7.0	1.0	7.0	1.0
ptg000050l	55001	55002	0.0	0.0	1.0	0.0
ptg000050l	55101	55102	1.0	1.0	2.0	0.0
ptg000050l	55201	55202	2.0	3.0	8.0	7.0
ptg000050l	55301	55302	4.0	1.0	8.0	1.0
ptg000050l	55401	55402	3.0	0.0	2.0	0.0
ptg000050l	55501	55502	0.0	0.0	0.0	0.0
ptg000050l	55601	55602	0.0	0.0	1.0	0.0
ptg000050l	55701	55702	1.0	0.0	0.0	0.0
ptg000050l	55801	55802	4.0	3.0	2.0	2.0
ptg000050l	55901	55902	9.0	2.0	5.0	3.0
ptg000050l	56001	56002	3.0	1.0	1.0	0.0
ptg000050l	56101	56102	5.0	3.0	2.0	0.0
ptg000050l	56201	56202	4.0	2.0	1.0	0.0
ptg000050l	56301	56302	4.0	2.0	4.0	0.0
ptg000050l	56401	56402	0.0	3.0	4.0	2.0
ptg000050l	56501	56502	0.0	0.0	0.0	0.0
ptg000050l	56601	56602	1.0	2.0	2.0	1.0
ptg000050l	56701	56702	0.0	0.0	0.0	0.0
ptg000050l	56801	56802	1.0	2.0	2.0	2.0
ptg000050l	56901	56902	5.0	8.0	2.0	3.0
ptg000050l	57001	57002	4.0	6.0	7.0	6.0
ptg000050l	57101	57102	11.0	9.0	9.0	9.0
ptg000050l	57201	57202	16.0	4.0	4.0	8.0
ptg000050l	57301	57302	11.0	8.0	10.0	10.0
ptg000050l	57401	57402	3.0	5.0	2.0	1.0
ptg000050l	57501	57502	11.0	3.0	8.0	2.0
ptg000050l	57601	57602	2.0	0.0	0.0	0.0
ptg000050l	57701	57702	1.0	0.0	0.0	0.0
ptg000050l	57801	57802	0.0	0.0	1.0	0.0
ptg000050l	57901	57902	0.0	2.0	2.0	0.0
ptg000050l	58001	58002	0.0	0.0	0.0	0.0
ptg000050l	58101	58102	0.0	0.0	0.0	0.0
ptg000050l	58201	58202	0.0	0.0	0.0	0.0
ptg000050l	58301	58302	0.0	0.0	0.0	0.0
ptg000050l	58401	58402	0.0	0.0	0.0	0.0
ptg000050l	58501	58502	0.0	0.0	0.0	0.0
ptg000050l	58601	58602	0.0	1.0	0.0	0.0
ptg000050l	58701	58702	1.0	1.0	0.0	0.0
ptg000050l	58801	58802	0.0	1.0	0.0	0.0
ptg000050l	58901	58902	0.0	1.0	0.0	1.0
ptg000050l	59001	59002	0.0	0.0	0.0	1.0
ptg000050l	59101	59102	3.0	0.0	0.0	0.0
ptg000050l	59201	59202	2.0	0.0	0.0	0.0
ptg000050l	59301	59302	2.0	4.0	4.0	1.0
ptg000050l	59401	59402	0.0	1.0	1.0	1.0
ptg000050l	59501	59502	10.0	12.0	6.0	6.0
ptg000050l	59601	59602	8.0	5.0	2.0	3.0
ptg000050l	59701	59702	8.0	5.0	11.0	7.0
ptg000050l	59801	59802	6.0	7.0	7.0	7.0
ptg000050l	59901	59902	0.0	0.0	0.0	0.0
ptg000050l	60001	60002	0.0	0.0	0.0	0.0
ptg000050l	60101	60102	0.0	0.0	0.0	0.0
ptg000050l	60201	60202	0.0	2.0	2.0	2.0
ptg000050l	60301	60302	0.0	0.0	3.0	2.0
ptg000050l	60401	60402	0.0	0.0	0.0	0.0
ptg000050l	60501	60502	0.0	0.0	0.0	0.0
ptg000050l	60601	60602	0.0	0.0	0.0	0.0
ptg000050l	60701	60702	16.0	27.0	22.0	18.0
ptg000050l	60801	60802	22.0	28.0	21.0	22.0
ptg000050l	60901	60902	14.0	13.0	12.0	14.0
ptg000050l	61001	61002	6.0	6.0	3.0	7.0
ptg000050l	61101	61102	0.0	4.0	1.0	3.0
ptg000050l	61201	61202	1.0	4.0	4.0	5.0
ptg000050l	61301	61302	15.0	10.0	8.0	15.0
ptg000050l	61401	61402	15.0	8.0	9.0	28.0
ptg000050l	61501	61502	8.0	12.0	8.0	25.0
ptg000050l	61601	61602	3.0	4.0	3.0	15.0
ptg000050l	61701	61702	2.0	17.0	4.0	13.0
ptg000050l	61801	61802	9.0	14.0	14.0	22.0
ptg000050l	61901	61902	23.0	19.0	18.0	30.0
ptg000050l	62001	62002	26.0	26.0	28.0	34.0
ptg000050l	62101	62102	22.0	15.0	20.0	21.0
ptg000050l	62201	62202	5.0	13.0	14.0	17.0
ptg000050l	62301	62302	16.0	15.0	20.0	13.0
ptg000050l	62401	62402	15.0	18.0	16.0	12.0
ptg000050l	62501	62502	8.0	13.0	9.0	5.0
ptg000050l	62601	62602	11.0	13.0	13.0	17.0
ptg000050l	62701	62702	16.0	15.0	19.0	23.0
ptg000050l	62801	62802	12.0	14.0	11.0	14.0
ptg000050l	62901	62902	3.0	5.0	2.0	3.0
ptg000050l	63001	63002	0.0	0.0	0.0	0.0
ptg000050l	63101	63102	3.0	4.0	3.0	2.0
ptg000050l	63201	63202	3.0	2.0	0.0	4.0
ptg000050l	63301	63302	0.0	0.0	0.0	0.0
ptg000050l	63401	63402	1.0	0.0	0.0	0.0
ptg000050l	63501	63502	0.0	0.0	0.0	0.0
ptg000050l	63601	63602	0.0	0.0	0.0	0.0
ptg000050l	63701	63702	0.0	0.0	0.0	0.0
ptg000050l	63801	63802	0.0	0.0	0.0	0.0
ptg000050l	63901	63902	0.0	0.0	0.0	0.0
ptg000050l	64001	64002	0.0	0.0	0.0	0.0
ptg000050l	64101	64102	0.0	0.0	0.0	0.0
ptg000050l	64201	64202	0.0	0.0	0.0	0.0
ptg000050l	64301	64302	0.0	0.0	0.0	0.0
ptg000050l	64401	64402	0.0	0.0	0.0	0.0
ptg000050l	64501	64502	0.0	0.0	0.0	0.0
ptg000050l	64601	64602	0.0	0.0	0.0	0.0
ptg000050l	64701	64702	0.0	0.0	2.0	0.0
ptg000050l	64801	64802	1.0	0.0	2.0	0.0
ptg000050l	64901	64902	1.0	0.0	1.0	0.0
ptg000050l	65001	65002	0.0	0.0	0.0	0.0
ptg000050l	65101	65102	0.0	0.0	0.0	0.0
ptg000050l	65201	65202	0.0	0.0	0.0	0.0
ptg000050l	65301	65302	1.0	0.0	0.0	0.0
ptg000050l	65401	65402	1.0	0.0	0.0	0.0
ptg000050l	65501	65502	0.0	0.0	0.0	0.0
ptg000050l	65601	65602	0.0	0.0	1.0	0.0
ptg000050l	65701	65702	0.0	0.0	1.0	0.0
ptg000050l	65801	65802	1.0	0.0	0.0	0.0
ptg000050l	65901	65902	0.0	0.0	1.0	0.0
ptg000050l	66001	66002	0.0	0.0	2.0	0.0
ptg000050l	66101	66102	0.0	0.0	0.0	0.0
ptg000050l	66201	66202	25.0	21.0	19.0	29.0
ptg000050l	66301	66302	21.0	16.0	25.0	15.0
ptg000050l	66401	66402	37.0	36.0	44.0	24.0
ptg000050l	66501	66502	44.0	33.0	47.0	26.0
ptg000050l	66601	66602	41.0	27.0	38.0	33.0
ptg000050l	66701	66702	20.0	19.0	24.0	13.0
ptg000050l	66801	66802	2.0	3.0	2.0	1.0
ptg000050l	66901	66902	12.0	11.0	15.0	7.0
ptg000050l	67001	67002	20.0	8.0	15.0	9.0
ptg000050l	67101	67102	29.0	20.0	16.0	8.0
ptg000050l	67201	67202	23.0	24.0	14.0	18.0
ptg000050l	67301	67302	20.0	11.0	19.0	12.0
ptg000050l	67401	67402	22.0	15.0	20.0	10.0
ptg000050l	67501	67502	38.0	21.0	20.0	12.0
ptg000050l	67601	67602	22.0	15.0	16.0	11.0
ptg000050l	67701	67702	34.0	16.0	22.0	32.0
ptg000050l	67801	67802	56.0	32.0	40.0	53.0
ptg000050l	67901	67902	0.0	0.0	0.0	0.0
ptg000050l	68001	68002	0.0	0.0	0.0	0.0
ptg000050l	68101	68102	0.0	0.0	0.0	0.0
ptg000050l	68201	68202	0.0	0.0	0.0	0.0
ptg000050l	68301	68302	0.0	0.0	0.0	0.0
ptg000050l	68401	68402	1.0	0.0	0.0	0.0
ptg000050l	68501	68502	1.0	0.0	0.0	0.0
ptg000050l	68601	68602	0.0	0.0	0.0	0.0
ptg000050l	68701	68702	0.0	0.0	0.0	0.0
ptg000050l	68801	68802	0.0	0.0	0.0	0.0
ptg000050l	68901	68902	0.0	0.0	0.0	0.0
ptg000050l	69001	69002	0.0	0.0	0.0	0.0
ptg000050l	69101	69102	4.0	1.0	0.0	5.0
ptg000050l	69201	69202	4.0	1.0	0.0	4.0
ptg000050l	69301	69302	0.0	0.0	0.0	0.0
ptg000050l	69401	69402	1.0	2.0	0.0	4.0
ptg000050l	69501	69502	9.0	5.0	0.0	4.0
ptg000050l	69601	69602	4.0	4.0	0.0	3.0
ptg000050l	69701	69702	5.0	2.0	0.0	3.0
ptg000050l	69801	69802	0.0	0.0	0.0	0.0
ptg000050l	69901	69902	0.0	0.0	0.0	0.0
ptg000050l	70001	70002	0.0	0.0	0.0	0.0
ptg000050l	70101	70102	0.0	0.0	0.0	0.0
ptg000050l	70201	70202	0.0	2.0	0.0	0.0
ptg000050l	70301	70302	0.0	0.0	0.0	0.0
ptg000050l	70401	70402	0.0	0.0	0.0	0.0
ptg000050l	70501	70502	0.0	0.0	0.0	0.0
ptg000050l	70601	70602	0.0	0.0	0.0	0.0
ptg000050l	70701	70702	0.0	0.0	0.0	1.0
ptg000050l	70801	70802	0.0	0.0	0.0	1.0
ptg000050l	70901	70902	0.0	0.0	0.0	2.0
ptg000050l	71001	71002	0.0	0.0	1.0	2.0
ptg000050l	71101	71102	0.0	0.0	1.0	0.0
ptg000050l	71201	71202	0.0	0.0	0.0	0.0
ptg000050l	71301	71302	0.0	0.0	0.0	0.0
ptg000050l	71401	71402	0.0	0.0	2.0	0.0
ptg000050l	71501	71502	0.0	0.0	1.0	0.0
ptg000050l	71601	71602	0.0	0.0	0.0	0.0
ptg000050l	71701	71702	15.0	16.0	17.0	9.0
ptg000050l	71801	71802	12.0	9.0	23.0	13.0
ptg000050l	71901	71902	34.0	25.0	46.0	34.0
ptg000050l	72001	72002	21.0	21.0	24.0	18.0
ptg000050l	72101	72102	17.0	16.0	13.0	16.0
ptg000050l	72201	72202	23.0	21.0	24.0	18.0
ptg000050l	72301	72302	21.0	26.0	34.0	22.0
ptg000050l	72401	72402	10.0	15.0	16.0	16.0
ptg000050l	72501	72502	1.0	2.0	5.0	8.0
ptg000050l	72601	72602	14.0	9.0	12.0	18.0
ptg000050l	72701	72702	15.0	8.0	10.0	12.0
ptg000050l	72801	72802	10.0	11.0	11.0	14.0
ptg000050l	72901	72902	32.0	16.0	31.0	33.0
ptg000050l	73001	73002	16.0	11.0	6.0	17.0
ptg000050l	73101	73102	2.0	4.0	0.0	2.0
ptg000050l	73201	73202	2.0	5.0	1.0	2.0
ptg000050l	73301	73302	11.0	12.0	11.0	11.0
ptg000050l	73401	73402	18.0	15.0	22.0	20.0
ptg000050l	73501	73502	0.0	0.0	0.0	0.0
ptg000050l	73601	73602	0.0	0.0	0.0	0.0
ptg000050l	73701	73702	0.0	0.0	0.0	0.0
ptg000050l	73801	73802	0.0	0.0	0.0	0.0
ptg000050l	73901	73902	0.0	0.0	0.0	0.0
ptg000050l	74001	74002	0.0	0.0	0.0	0.0
ptg000050l	74101	74102	0.0	0.0	0.0	0.0
ptg000050l	74201	74202	2.0	1.0	0.0	1.0
ptg000050l	74301	74302	1.0	1.0	0.0	0.0
ptg000050l	74401	74402	4.0	7.0	8.0	9.0
ptg000050l	74501	74502	1.0	1.0	0.0	0.0
ptg000050l	74601	74602	0.0	0.0	0.0	1.0
ptg000050l	74701	74702	0.0	0.0	0.0	0.0
ptg000050l	74801	74802	1.0	0.0	1.0	0.0
ptg000050l	74901	74902	1.0	6.0	3.0	2.0
ptg000050l	75001	75002	4.0	3.0	1.0	1.0
ptg000050l	75101	75102	12.0	14.0	9.0	13.0
ptg000050l	75201	75202	3.0	13.0	6.0	15.0
ptg000050l	75301	75302	2.0	3.0	3.0	7.0
ptg000050l	75401	75402	7.0	12.0	16.0	21.0
ptg000050l	75501	75502	23.0	16.0	22.0	36.0
ptg000050l	75601	75602	22.0	11.0	15.0	25.0
ptg000050l	75701	75702	17.0	11.0	20.0	22.0
ptg000050l	75801	75802	10.0	10.0	12.0	10.0
ptg000050l	75901	75902	1.0	1.0	0.0	1.0
ptg000050l	76001	76002	0.0	0.0	2.0	2.0
ptg000050l	76101	76102	0.0	0.0	0.0	0.0
ptg000050l	76201	76202	0.0	0.0	0.0	1.0
ptg000050l	76301	76302	0.0	0.0	0.0	1.0
ptg000050l	76401	76402	0.0	0.0	0.0	5.0
ptg000050l	76501	76502	0.0	0.0	0.0	0.0
ptg000050l	76601	76602	0.0	0.0	0.0	0.0
ptg000050l	76701	76702	0.0	0.0	0.0	0.0
ptg000050l	76801	76802	0.0	0.0	0.0	0.0
ptg000050l	76901	76902	0.0	0.0	0.0	0.0
ptg000050l	77001	77002	0.0	0.0	0.0	0.0
ptg000050l	77101	77102	0.0	0.0	0.0	0.0
ptg000050l	77201	77202	1.0	0.0	0.0	0.0
ptg000050l	77301	77302	0.0	0.0	0.0	0.0
ptg000050l	77401	77402	0.0	0.0	0.0	0.0
ptg000050l	77501	77502	1.0	0.0	0.0	1.0
ptg000050l	77601	77602	1.0	2.0	0.0	4.0
ptg000050l	77701	77702	1.0	0.0	0.0	0.0
ptg000050l	77801	77802	1.0	0.0	0.0	0.0
ptg000050l	77901	77902	0.0	0.0	0.0	0.0
ptg000050l	78001	78002	0.0	1.0	0.0	0.0
ptg000050l	78101	78102	1.0	3.0	5.0	3.0
ptg000050l	78201	78202	0.0	0.0	0.0	0.0
ptg000050l	78301	78302	8.0	10.0	15.0	10.0
ptg000050l	78401	78402	7.0	9.0	8.0	7.0
ptg000050l	78501	78502	4.0	6.0	6.0	2.0
ptg000050l	78601	78602	12.0	12.0	10.0	9.0
ptg000050l	78701	78702	2.0	2.0	1.0	1.0
ptg000050l	78801	78802	0.0	0.0	0.0	0.0
ptg000050l	78901	78902	0.0	0.0	0.0	0.0
ptg000050l	79001	79002	3.0	4.0	6.0	10.0
ptg000050l	79101	79102	11.0	16.0	13.0	28.0
ptg000050l	79201	79202	3.0	5.0	1.0	8.0
ptg000050l	79301	79302	11.0	17.0	13.0	13.0
ptg000050l	79401	79402	5.0	7.0	4.0	5.0
ptg000050l	79501	79502	0.0	0.0	0.0	0.0
ptg000050l	79601	79602	0.0	0.0	0.0	0.0
ptg000050l	79701	79702	0.0	0.0	0.0	0.0
ptg000050l	79801	79802	1.0	0.0	1.0	0.0
ptg000050l	79901	79902	0.0	0.0	3.0	2.0
ptg000050l	80001	80002	8.0	19.0	17.0	16.0
ptg000050l	80101	80102	11.0	24.0	19.0	23.0
ptg000050l	80201	80202	22.0	31.0	20.0	27.0
ptg000050l	80301	80302	24.0	32.0	29.0	25.0
ptg000050l	80401	80402	5.0	10.0	8.0	8.0
ptg000050l	80501	80502	8.0	8.0	11.0	4.0
ptg000050l	80601	80602	17.0	20.0	12.0	7.0
ptg000050l	80701	80702	6.0	5.0	3.0	3.0
ptg000050l	80801	80802	2.0	1.0	4.0	8.0
ptg000050l	80901	80902	0.0	0.0	0.0	0.0
ptg000050l	81001	81002	2.0	1.0	1.0	1.0
ptg000050l	81101	81102	0.0	0.0	0.0	0.0
ptg000050l	81201	81202	1.0	0.0	0.0	0.0
ptg000050l	81301	81302	0.0	0.0	2.0	1.0
ptg000050l	81401	81402	0.0	0.0	2.0	1.0
ptg000050l	81501	81502	0.0	0.0	0.0	0.0
ptg000050l	81601	81602	0.0	0.0	0.0	0.0
ptg000050l	81701	81702	0.0	0.0	0.0	0.0
ptg000050l	81801	81802	0.0	0.0	0.0	0.0
ptg000050l	81901	81902	0.0	0.0	0.0	0.0
ptg000050l	82001	82002	0.0	0.0	0.0	0.0
ptg000050l	82101	82102	0.0	0.0	0.0	0.0
ptg000050l	82201	82202	0.0	0.0	0.0	0.0
ptg000050l	82301	82302	0.0	0.0	0.0	0.0
ptg000050l	82401	82402	0.0	0.0	0.0	0.0
ptg000050l	82501	82502	0.0	0.0	0.0	0.0
ptg000050l	82601	82602	0.0	0.0	0.0	0.0
ptg000050l	82701	82702	0.0	0.0	0.0	0.0
ptg000050l	82801	82802	0.0	0.0	0.0	1.0
ptg000050l	82901	82902	0.0	0.0	0.0	0.0
ptg000050l	83001	83002	0.0	0.0	0.0	0.0
ptg000050l	83101	83102	0.0	0.0	0.0	0.0
ptg000050l	83201	83202	0.0	0.0	0.0	0.0
ptg000050l	83301	83302	0.0	0.0	0.0	0.0
ptg000050l	83401	83402	0.0	0.0	1.0	0.0
ptg000050l	83501	83502	2.0	3.0	1.0	2.0
ptg000050l	83601	83602	2.0	2.0	8.0	5.0
ptg000050l	83701	83702	3.0	2.0	7.0	4.0
ptg000050l	83801	83802	2.0	3.0	3.0	3.0
ptg000050l	83901	83902	5.0	4.0	5.0	3.0
ptg000050l	84001	84002	8.0	2.0	5.0	3.0
ptg000050l	84101	84102	5.0	4.0	5.0	5.0
ptg000050l	84201	84202	5.0	3.0	4.0	9.0
ptg000050l	84301	84302	4.0	3.0	3.0	7.0
ptg000050l	84401	84402	2.0	1.0	2.0	2.0
ptg000050l	84501	84502	0.0	0.0	0.0	0.0
ptg000050l	84601	84602	0.0	0.0	1.0	0.0
ptg000050l	84701	84702	2.0	2.0	2.0	1.0
ptg000050l	84801	84802	4.0	4.0	1.0	3.0
ptg000050l	84901	84902	1.0	0.0	1.0	0.0
ptg000050l	85001	85002	4.0	5.0	3.0	2.0
ptg000050l	85101	85102	2.0	1.0	4.0	2.0
ptg000050l	85201	85202	2.0	1.0	1.0	2.0
ptg000050l	85301	85302	6.0	6.0	4.0	2.0
ptg000050l	85401	85402	8.0	3.0	6.0	5.0
ptg000050l	85501	85502	6.0	3.0	8.0	4.0
ptg000050l	85601	85602	5.0	8.0	9.0	6.0
ptg000050l	85701	85702	3.0	7.0	12.0	8.0
ptg000050l	85801	85802	2.0	4.0	7.0	2.0
ptg000050l	85901	85902	3.0	6.0	4.0	1.0
ptg000050l	86001	86002	5.0	3.0	3.0	6.0
ptg000050l	86101	86102	5.0	4.0	4.0	4.0
ptg000050l	86201	86202	4.0	1.0	3.0	8.0
ptg000050l	86301	86302	9.0	3.0	5.0	4.0
ptg000050l	86401	86402	3.0	4.0	1.0	2.0
ptg000050l	86501	86502	2.0	1.0	2.0	3.0
ptg000050l	86601	86602	7.0	3.0	5.0	2.0
ptg000050l	86701	86702	5.0	3.0	3.0	3.0
ptg000050l	86801	86802	4.0	4.0	4.0	3.0
ptg000050l	86901	86902	3.0	1.0	5.0	2.0
ptg000050l	87001	87002	1.0	3.0	3.0	2.0
ptg000050l	87101	87102	2.0	1.0	5.0	2.0
ptg000050l	87201	87202	3.0	1.0	6.0	4.0
ptg000050l	87301	87302	2.0	5.0	6.0	2.0
ptg000050l	87401	87402	2.0	1.0	3.0	2.0
ptg000050l	87501	87502	0.0	0.0	0.0	1.0
ptg000050l	87601	87602	1.0	0.0	0.0	0.0
ptg000050l	87701	87702	0.0	0.0	0.0	0.0
ptg000050l	87801	87802	0.0	0.0	0.0	0.0
ptg000050l	87901	87902	9.0	9.0	3.0	2.0
ptg000050l	88001	88002	16.0	17.0	14.0	16.0
ptg000050l	88101	88102	21.0	23.0	13.0	34.0
ptg000050l	88201	88202	24.0	19.0	18.0	31.0
ptg000050l	88301	88302	10.0	5.0	5.0	9.0
ptg000050l	88401	88402	0.0	0.0	0.0	0.0
ptg000050l	88501	88502	0.0	0.0	0.0	0.0
ptg000050l	88601	88602	0.0	0.0	0.0	0.0
ptg000050l	88701	88702	1.0	0.0	0.0	1.0
ptg000050l	88801	88802	1.0	0.0	0.0	1.0
ptg000050l	88901	88902	1.0	0.0	0.0	0.0
ptg000050l	89001	89002	1.0	0.0	0.0	0.0
ptg000050l	89101	89102	0.0	1.0	0.0	0.0
ptg000050l	89201	89202	0.0	0.0	0.0	0.0
ptg000050l	89301	89302	0.0	0.0	0.0	0.0
ptg000050l	89401	89402	0.0	0.0	0.0	0.0
ptg000050l	89501	89502	0.0	0.0	0.0	0.0
ptg000050l	89601	89602	0.0	0.0	0.0	0.0
ptg000050l	89701	89702	2.0	0.0	0.0	0.0
ptg000050l	89801	89802	0.0	0.0	0.0	0.0
ptg000050l	89901	89902	0.0	0.0	0.0	0.0
ptg000050l	90001	90002	0.0	0.0	0.0	0.0
ptg000050l	90101	90102	0.0	0.0	0.0	0.0
ptg000050l	90201	90202	0.0	0.0	0.0	0.0
ptg000050l	90301	90302	4.0	1.0	1.0	4.0
ptg000050l	90401	90402	9.0	5.0	8.0	2.0
ptg000050l	90501	90502	6.0	4.0	3.0	2.0
ptg000050l	90601	90602	4.0	2.0	2.0	1.0
ptg000050l	90701	90702	0.0	0.0	0.0	0.0
ptg000050l	90801	90802	2.0	1.0	4.0	1.0
ptg000050l	90901	90902	1.0	2.0	4.0	1.0
ptg000050l	91001	91002	0.0	1.0	0.0	0.0
ptg000050l	91101	91102	0.0	0.0	0.0	0.0
ptg000050l	91201	91202	0.0	0.0	0.0	0.0
ptg000050l	91301	91302	0.0	0.0	0.0	0.0
ptg000050l	91401	91402	0.0	0.0	0.0	0.0
ptg000050l	91501	91502	0.0	0.0	0.0	0.0
ptg000050l	91601	91602	0.0	0.0	0.0	0.0
ptg000050l	91701	91702	0.0	0.0	0.0	0.0
ptg000050l	91801	91802	0.0	0.0	0.0	0.0
ptg000050l	91901	91902	0.0	0.0	1.0	1.0
ptg000050l	92001	92002	0.0	0.0	2.0	1.0
ptg000050l	92101	92102	0.0	0.0	3.0	0.0
ptg000050l	92201	92202	1.0	0.0	2.0	0.0
ptg000050l	92301	92302	1.0	3.0	5.0	0.0
ptg000050l	92401	92402	5.0	2.0	7.0	1.0
ptg000050l	92501	92502	2.0	2.0	0.0	0.0
ptg000050l	92601	92602	1.0	3.0	1.0	0.0
ptg000050l	92701	92702	0.0	0.0	0.0	0.0
ptg000050l	92801	92802	2.0	0.0	0.0	0.0
ptg000050l	92901	92902	0.0	1.0	0.0	0.0
ptg000050l	93001	93002	1.0	1.0	0.0	0.0
ptg000050l	93101	93102	0.0	0.0	0.0	0.0
ptg000050l	93201	93202	0.0	0.0	0.0	0.0
ptg000050l	93301	93302	0.0	0.0	0.0	0.0
ptg000050l	93401	93402	0.0	0.0	0.0	0.0
ptg000050l	93501	93502	0.0	0.0	0.0	0.0
ptg000050l	93601	93602	1.0	0.0	0.0	0.0
ptg000050l	93701	93702	2.0	0.0	0.0	0.0
ptg000050l	93801	93802	0.0	0.0	0.0	0.0
ptg000050l	93901	93902	1.0	0.0	1.0	0.0
ptg000050l	94001	94002	1.0	2.0	1.0	0.0
ptg000050l	94101	94102	0.0	0.0	0.0	0.0
ptg000050l	94201	94202	0.0	0.0	0.0	0.0
ptg000050l	94301	94302	0.0	0.0	0.0	0.0
ptg000050l	94401	94402	0.0	0.0	0.0	0.0
ptg000050l	94501	94502	1.0	2.0	1.0	5.0
ptg000050l	94601	94602	1.0	1.0	3.0	3.0
ptg000050l	94701	94702	3.0	5.0	4.0	4.0
ptg000050l	94801	94802	1.0	3.0	7.0	4.0
ptg000050l	94901	94902	6.0	7.0	17.0	7.0
ptg000050l	95001	95002	11.0	17.0	21.0	7.0
ptg000050l	95101	95102	2.0	2.0	3.0	3.0
ptg000050l	95201	95202	17.0	14.0	14.0	15.0
ptg000050l	95301	95302	19.0	20.0	24.0	32.0
ptg000050l	95401	95402	19.0	9.0	23.0	18.0
ptg000050l	95501	95502	3.0	2.0	5.0	9.0
ptg000050l	95601	95602	0.0	0.0	0.0	0.0
ptg000050l	95701	95702	0.0	0.0	0.0	0.0
ptg000050l	95801	95802	0.0	0.0	0.0	0.0
ptg000050l	95901	95902	0.0	0.0	0.0	0.0
ptg000050l	96001	96002	0.0	0.0	0.0	0.0
ptg000050l	96101	96102	9.0	14.0	14.0	8.0
ptg000050l	96201	96202	23.0	25.0	17.0	12.0
ptg000050l	96301	96302	2.0	2.0	2.0	3.0
ptg000050l	96401	96402	0.0	0.0	0.0	0.0
ptg000050l	96501	96502	0.0	0.0	0.0	0.0
ptg000050l	96601	96602	0.0	0.0	0.0	0.0
ptg000050l	96701	96702	1.0	0.0	1.0	0.0
ptg000050l	96801	96802	0.0	1.0	1.0	1.0
ptg000050l	96901	96902	3.0	1.0	5.0	1.0
ptg000050l	97001	97002	9.0	9.0	10.0	7.0
ptg000050l	97101	97102	8.0	8.0	7.0	5.0
ptg000050l	97201	97202	0.0	1.0	0.0	1.0
ptg000050l	97301	97302	4.0	2.0	3.0	1.0
ptg000050l	97401	97402	6.0	4.0	11.0	3.0
ptg000050l	97501	97502	1.0	0.0	0.0	0.0
ptg000050l	97601	97602	0.0	0.0	0.0	0.0
ptg000050l	97701	97702	0.0	0.0	0.0	0.0
ptg000050l	97801	97802	0.0	0.0	0.0	0.0
ptg000050l	97901	97902	0.0	0.0	0.0	0.0
ptg000050l	98001	98002	0.0	0.0	1.0	1.0
ptg000050l	98101	98102	0.0	0.0	0.0	0.0
ptg000050l	98201	98202	0.0	0.0	0.0	0.0
ptg000050l	98301	98302	0.0	0.0	0.0	0.0
ptg000050l	98401	98402	0.0	0.0	0.0	0.0
ptg000050l	98501	98502	0.0	0.0	0.0	0.0
ptg000050l	98601	98602	0.0	0.0	0.0	0.0
ptg000050l	98701	98702	0.0	0.0	0.0	0.0
ptg000050l	98801	98802	0.0	0.0	0.0	0.0
ptg000050l	98901	98902	0.0	0.0	0.0	0.0
ptg000050l	99001	99002	0.0	0.0	2.0	0.0
ptg000050l	99101	99102	0.0	0.0	0.0	0.0
ptg000050l	99201	99202	1.0	0.0	0.0	0.0
ptg000050l	99301	99302	2.0	1.0	1.0	0.0
ptg000050l	99401	99402	4.0	1.0	2.0	0.0
ptg000050l	99501	99502	0.0	1.0	0.0	0.0
ptg000050l	99601	99602	0.0	0.0	0.0	0.0
ptg000050l	99701	99702	0.0	0.0	0.0	0.0
ptg000050l	99801	99802	0.0	0.0	0.0	0.0
ptg000050l	99901	99902	0.0	0.0	0.0	0.0
ptg000050l	100001	100002	0.0	0.0	0.0	0.0
ptg000050l	100101	100102	0.0	0.0	0.0	0.0
ptg000050l	100201	100202	0.0	0.0	0.0	0.0
ptg000050l	100301	100302	0.0	0.0	0.0	0.0
ptg000050l	100401	100402	0.0	0.0	0.0	0.0
ptg000050l	100501	100502	0.0	0.0	0.0	0.0
ptg000050l	100601	100602	0.0	0.0	0.0	0.0
ptg000050l	100701	100702	0.0	0.0	0.0	0.0
ptg000050l	100801	100802	0.0	0.0	0.0	0.0
ptg000050l	100901	100902	2.0	1.0	2.0	0.0
ptg000050l	101001	101002	0.0	0.0	0.0	0.0
ptg000050l	101101	101102	0.0	0.0	0.0	0.0
ptg000050l	101201	101202	1.0	0.0	0.0	0.0
ptg000050l	101301	101302	0.0	0.0	0.0	0.0
ptg000050l	101401	101402	410.0	297.0	336.0	335.0
ptg000050l	101501	101502	0.0	3.0	1.0	1.0
ptg000050l	101601	101602	0.0	0.0	0.0	0.0
ptg000050l	101701	101702	0.0	0.0	0.0	0.0
ptg000050l	101801	101802	0.0	0.0	0.0	0.0
ptg000050l	101901	101902	0.0	0.0	0.0	0.0
ptg000050l	102001	102002	0.0	0.0	1.0	0.0
ptg000050l	102101	102102	0.0	0.0	0.0	0.0
ptg000050l	102201	102202	8.0	4.0	5.0	0.0
ptg000050l	102301	102302	18.0	25.0	16.0	17.0
ptg000050l	102401	102402	5.0	3.0	3.0	5.0
ptg000050l	102501	102502	14.0	9.0	9.0	13.0
ptg000050l	102601	102602	2.0	2.0	1.0	7.0
ptg000050l	102701	102702	5.0	5.0	7.0	4.0
ptg000050l	102801	102802	3.0	5.0	6.0	4.0
ptg000050l	102901	102902	0.0	0.0	0.0	0.0
ptg000050l	103001	103002	0.0	0.0	1.0	0.0
ptg000050l	103101	103102	0.0	0.0	0.0	0.0
ptg000050l	103201	103202	0.0	0.0	0.0	0.0
ptg000050l	103301	103302	0.0	0.0	0.0	0.0
ptg000050l	103401	103402	0.0	0.0	0.0	0.0
ptg000050l	103501	103502	0.0	0.0	1.0	0.0
ptg000050l	103601	103602	0.0	0.0	1.0	0.0
ptg000050l	103701	103702	0.0	0.0	0.0	0.0
ptg000050l	103801	103802	0.0	0.0	0.0	0.0
ptg000050l	103901	103902	0.0	0.0	0.0	0.0
ptg000050l	104001	104002	0.0	0.0	0.0	0.0
ptg000050l	104101	104102	0.0	0.0	0.0	0.0
ptg000050l	104201	104202	0.0	0.0	0.0	0.0
ptg000050l	104301	104302	1.0	3.0	2.0	1.0
ptg000050l	104401	104402	3.0	3.0	4.0	3.0
ptg000050l	104501	104502	10.0	3.0	4.0	7.0
ptg000050l	104601	104602	11.0	2.0	5.0	6.0
ptg000050l	104701	104702	2.0	2.0	1.0	0.0
ptg000050l	104801	104802	0.0	0.0	1.0	2.0
ptg000050l	104901	104902	0.0	0.0	0.0	0.0
ptg000050l	105001	105002	0.0	1.0	0.0	0.0
ptg000050l	105101	105102	1.0	0.0	2.0	2.0
ptg000050l	105201	105202	1.0	0.0	1.0	0.0
ptg000050l	105301	105302	0.0	0.0	1.0	1.0
ptg000050l	105401	105402	0.0	0.0	0.0	1.0
ptg000050l	105501	105502	0.0	0.0	0.0	0.0
ptg000050l	105601	105602	0.0	0.0	0.0	0.0
ptg000050l	105701	105702	0.0	0.0	0.0	0.0
ptg000050l	105801	105802	0.0	0.0	0.0	1.0
ptg000050l	105901	105902	0.0	0.0	0.0	0.0
ptg000050l	106001	106002	0.0	0.0	0.0	0.0
ptg000050l	106101	106102	0.0	0.0	0.0	0.0
ptg000050l	106201	106202	0.0	0.0	0.0	0.0
ptg000050l	106301	106302	0.0	0.0	0.0	0.0
ptg000050l	106401	106402	0.0	0.0	0.0	0.0
ptg000050l	106501	106502	0.0	0.0	0.0	0.0
ptg000050l	106601	106602	2.0	1.0	1.0	2.0
ptg000050l	106701	106702	0.0	0.0	0.0	0.0
ptg000050l	106801	106802	0.0	0.0	0.0	0.0
ptg000050l	106901	106902	0.0	0.0	0.0	0.0
ptg000050l	107001	107002	0.0	0.0	0.0	0.0
ptg000050l	107101	107102	0.0	0.0	0.0	0.0
ptg000050l	107201	107202	0.0	2.0	0.0	3.0
ptg000050l	107301	107302	0.0	0.0	0.0	1.0
ptg000050l	107401	107402	0.0	0.0	0.0	0.0
ptg000050l	107501	107502	0.0	0.0	0.0	0.0
ptg000050l	107601	107602	0.0	0.0	0.0	0.0
ptg000050l	107701	107702	0.0	0.0	0.0	0.0
ptg000050l	107801	107802	0.0	0.0	0.0	0.0
ptg000050l	107901	107902	0.0	0.0	0.0	0.0
ptg000050l	108001	108002	0.0	0.0	1.0	0.0
ptg000050l	108101	108102	0.0	0.0	0.0	0.0
ptg000050l	108201	108202	0.0	1.0	1.0	1.0
ptg000050l	108301	108302	2.0	2.0	4.0	0.0
ptg000050l	108401	108402	2.0	0.0	3.0	0.0
ptg000050l	108501	108502	0.0	0.0	2.0	1.0
ptg000050l	108601	108602	1.0	1.0	4.0	1.0
ptg000050l	108701	108702	0.0	0.0	0.0	0.0
ptg000050l	108801	108802	5.0	4.0	6.0	7.0
ptg000050l	108901	108902	10.0	5.0	11.0	18.0
ptg000050l	109001	109002	14.0	7.0	10.0	16.0
ptg000050l	109101	109102	17.0	6.0	11.0	15.0
ptg000050l	109201	109202	0.0	0.0	0.0	0.0
ptg000050l	109301	109302	11.0	6.0	8.0	9.0
ptg000050l	109401	109402	2.0	3.0	5.0	6.0
ptg000050l	109501	109502	0.0	0.0	0.0	0.0
ptg000050l	109601	109602	0.0	0.0	1.0	1.0
ptg000050l	109701	109702	0.0	0.0	1.0	1.0
ptg000050l	109801	109802	0.0	0.0	0.0	0.0
ptg000050l	109901	109902	0.0	0.0	0.0	0.0
ptg000050l	110001	110002	26.0	34.0	24.0	39.0
ptg000050l	110101	110102	62.0	78.0	54.0	66.0
ptg000050l	110201	110202	72.0	102.0	68.0	80.0
ptg000050l	110301	110302	36.0	45.0	23.0	31.0
ptg000050l	110401	110402	1.0	6.0	1.0	2.0
ptg000050l	110501	110502	0.0	1.0	1.0	1.0
ptg000050l	110601	110602	1.0	0.0	0.0	0.0
ptg000050l	110701	110702	1.0	0.0	0.0	0.0
ptg000050l	110801	110802	0.0	0.0	0.0	2.0
ptg000050l	110901	110902	5.0	3.0	3.0	4.0
ptg000050l	111001	111002	0.0	0.0	1.0	1.0
ptg000050l	111101	111102	1.0	0.0	0.0	0.0
ptg000050l	111201	111202	0.0	2.0	5.0	2.0
ptg000050l	111301	111302	3.0	2.0	5.0	2.0
ptg000050l	111401	111402	1.0	0.0	2.0	0.0
ptg000050l	111501	111502	0.0	0.0	0.0	0.0
ptg000050l	111601	111602	2.0	0.0	0.0	2.0
ptg000050l	111701	111702	2.0	4.0	7.0	7.0
ptg000050l	111801	111802	3.0	2.0	4.0	1.0
ptg000050l	111901	111902	0.0	2.0	3.0	0.0
ptg000050l	112001	112002	2.0	5.0	2.0	8.0
ptg000050l	112101	112102	1.0	1.0	0.0	3.0
ptg000050l	112201	112202	1.0	0.0	0.0	1.0
ptg000050l	112301	112302	0.0	0.0	1.0	0.0
ptg000050l	112401	112402	0.0	0.0	0.0	0.0
ptg000050l	112501	112502	0.0	0.0	0.0	0.0
ptg000050l	112601	112602	1.0	0.0	1.0	0.0
ptg000050l	112701	112702	0.0	0.0	1.0	0.0
ptg000050l	112801	112802	0.0	0.0	1.0	0.0
ptg000050l	112901	112902	0.0	0.0	0.0	0.0
ptg000050l	113001	113002	0.0	0.0	1.0	2.0
ptg000050l	113101	113102	2.0	1.0	4.0	0.0
ptg000050l	113201	113202	1.0	0.0	4.0	0.0
ptg000050l	113301	113302	0.0	0.0	0.0	0.0
ptg000050l	113401	113402	4.0	2.0	7.0	4.0
ptg000050l	113501	113502	0.0	0.0	0.0	0.0
ptg000050l	113601	113602	0.0	1.0	1.0	0.0
ptg000050l	113701	113702	0.0	0.0	0.0	0.0
ptg000050l	113801	113802	0.0	0.0	0.0	0.0
ptg000050l	113901	113902	0.0	2.0	1.0	0.0
ptg000050l	114001	114002	0.0	1.0	0.0	0.0
ptg000050l	114101	114102	0.0	0.0	0.0	0.0
ptg000050l	114201	114202	0.0	0.0	0.0	0.0
ptg000050l	114301	114302	0.0	1.0	1.0	0.0
ptg000050l	114401	114402	0.0	1.0	0.0	0.0
ptg000050l	114501	114502	0.0	0.0	0.0	1.0
ptg000050l	114601	114602	4.0	0.0	0.0	2.0
ptg000050l	114701	114702	0.0	1.0	0.0	1.0
ptg000050l	114801	114802	4.0	3.0	3.0	5.0
ptg000050l	114901	114902	4.0	2.0	4.0	5.0
ptg000050l	115001	115002	0.0	1.0	0.0	0.0
ptg000050l	115101	115102	0.0	0.0	1.0	0.0
ptg000050l	115201	115202	0.0	0.0	0.0	0.0
ptg000050l	115301	115302	0.0	0.0	0.0	0.0
ptg000050l	115401	115402	0.0	2.0	0.0	2.0
ptg000050l	115501	115502	0.0	2.0	0.0	2.0
ptg000050l	115601	115602	3.0	2.0	7.0	7.0
ptg000050l	115701	115702	0.0	3.0	4.0	1.0
ptg000050l	115801	115802	1.0	3.0	0.0	6.0
ptg000050l	115901	115902	0.0	2.0	1.0	2.0
ptg000050l	116001	116002	18.0	23.0	10.0	34.0
ptg000050l	116101	116102	11.0	11.0	5.0	19.0
ptg000050l	116201	116202	0.0	3.0	1.0	2.0
ptg000050l	116301	116302	3.0	9.0	7.0	16.0
ptg000050l	116401	116402	4.0	14.0	10.0	22.0
ptg000050l	116501	116502	5.0	20.0	9.0	21.0
ptg000050l	116601	116602	7.0	21.0	14.0	29.0
ptg000050l	116701	116702	7.0	11.0	12.0	15.0
ptg000050l	116801	116802	7.0	13.0	7.0	20.0
ptg000050l	116901	116902	5.0	6.0	5.0	13.0
ptg000050l	117001	117002	14.0	14.0	12.0	19.0
ptg000050l	117101	117102	9.0	13.0	10.0	21.0
ptg000050l	117201	117202	6.0	12.0	5.0	18.0
ptg000050l	117301	117302	7.0	20.0	7.0	12.0
ptg000050l	117401	117402	1.0	14.0	4.0	13.0
ptg000050l	117501	117502	0.0	7.0	3.0	4.0
ptg000050l	117601	117602	3.0	19.0	7.0	12.0
ptg000050l	117701	117702	0.0	17.0	11.0	18.0
ptg000050l	117801	117802	0.0	5.0	5.0	10.0
ptg000050l	117901	117902	2.0	11.0	3.0	20.0
ptg000050l	118001	118002	1.0	10.0	1.0	8.0
ptg000050l	118101	118102	3.0	7.0	6.0	16.0
ptg000050l	118201	118202	1.0	9.0	1.0	16.0
ptg000050l	118301	118302	1.0	9.0	0.0	5.0
ptg000050l	118401	118402	0.0	2.0	0.0	1.0
ptg000050l	118501	118502	3.0	0.0	1.0	1.0
ptg000050l	118601	118602	16.0	8.0	13.0	9.0
ptg000050l	118701	118702	15.0	15.0	14.0	9.0
ptg000050l	118801	118802	6.0	8.0	15.0	12.0
ptg000050l	118901	118902	1.0	1.0	5.0	3.0
ptg000050l	119001	119002	1.0	1.0	4.0	2.0
ptg000050l	119101	119102	9.0	13.0	11.0	9.0
ptg000050l	119201	119202	13.0	11.0	17.0	18.0
ptg000050l	119301	119302	2.0	1.0	2.0	3.0
ptg000050l	119401	119402	5.0	5.0	5.0	8.0
ptg000050l	119501	119502	4.0	9.0	7.0	15.0
ptg000050l	119601	119602	9.0	6.0	6.0	16.0
ptg000050l	119701	119702	8.0	13.0	11.0	15.0
ptg000050l	119801	119802	5.0	9.0	7.0	12.0
ptg000050l	119901	119902	10.0	14.0	20.0	15.0
ptg000050l	120001	120002	7.0	19.0	15.0	18.0
ptg000050l	120101	120102	8.0	17.0	19.0	11.0
ptg000050l	120201	120202	3.0	8.0	12.0	13.0
ptg000050l	120301	120302	5.0	12.0	8.0	13.0
ptg000050l	120401	120402	8.0	13.0	12.0	14.0
ptg000050l	120501	120502	6.0	12.0	7.0	15.0
ptg000050l	120601	120602	6.0	10.0	6.0	16.0
ptg000050l	120701	120702	4.0	13.0	4.0	6.0
ptg000050l	120801	120802	2.0	5.0	0.0	3.0
ptg000050l	120901	120902	15.0	11.0	21.0	24.0
ptg000050l	121001	121002	2.0	20.0	4.0	14.0
ptg000050l	121101	121102	2.0	9.0	3.0	10.0
ptg000050l	121201	121202	7.0	17.0	10.0	16.0
ptg000050l	121301	121302	3.0	8.0	9.0	14.0
ptg000050l	121401	121402	0.0	1.0	0.0	1.0
ptg000050l	121501	121502	0.0	1.0	0.0	1.0
ptg000050l	121601	121602	0.0	0.0	0.0	0.0
ptg000050l	121701	121702	0.0	0.0	0.0	0.0
ptg000050l	121801	121802	0.0	0.0	0.0	2.0
ptg000050l	121901	121902	0.0	0.0	0.0	0.0
ptg000050l	122001	122002	0.0	0.0	0.0	0.0
ptg000050l	122101	122102	8.0	7.0	8.0	7.0
ptg000050l	122201	122202	3.0	0.0	7.0	6.0
ptg000050l	122301	122302	0.0	0.0	0.0	1.0
ptg000050l	122401	122402	2.0	2.0	2.0	1.0
ptg000050l	122501	122502	3.0	7.0	3.0	0.0
ptg000050l	122601	122602	8.0	11.0	9.0	6.0
ptg000050l	122701	122702	22.0	20.0	24.0	9.0
ptg000050l	122801	122802	25.0	5.0	30.0	6.0
ptg000050l	122901	122902	0.0	1.0	3.0	1.0
ptg000050l	123001	123002	0.0	0.0	0.0	0.0
ptg000050l	123101	123102	0.0	0.0	0.0	0.0
ptg000050l	123201	123202	0.0	0.0	0.0	0.0
ptg000050l	123301	123302	0.0	0.0	0.0	0.0
ptg000050l	123401	123402	0.0	0.0	0.0	0.0
ptg000050l	123501	123502	0.0	0.0	0.0	0.0
ptg000050l	123601	123602	0.0	0.0	0.0	0.0
ptg000050l	123701	123702	0.0	0.0	0.0	0.0
ptg000050l	123801	123802	1.0	1.0	1.0	1.0
ptg000050l	123901	123902	0.0	0.0	1.0	0.0
ptg000050l	124001	124002	0.0	0.0	0.0	0.0
ptg000050l	124101	124102	0.0	0.0	0.0	0.0
ptg000050l	124201	124202	0.0	0.0	0.0	0.0
ptg000050l	124301	124302	0.0	0.0	0.0	0.0
ptg000050l	124401	124402	0.0	0.0	0.0	0.0
ptg000050l	124501	124502	0.0	0.0	0.0	0.0
ptg000050l	124601	124602	0.0	0.0	0.0	0.0
ptg000050l	124701	124702	0.0	0.0	0.0	0.0
ptg000050l	124801	124802	0.0	0.0	0.0	0.0
ptg000050l	124901	124902	0.0	0.0	0.0	0.0
ptg000050l	125001	125002	0.0	0.0	0.0	0.0
ptg000050l	125101	125102	0.0	0.0	0.0	0.0
ptg000050l	125201	125202	0.0	0.0	0.0	0.0
ptg000050l	125301	125302	0.0	0.0	0.0	0.0
ptg000050l	125401	125402	0.0	0.0	0.0	0.0
ptg000050l	125501	125502	0.0	0.0	0.0	0.0
ptg000050l	125601	125602	0.0	0.0	0.0	0.0
ptg000050l	125701	125702	0.0	0.0	0.0	0.0
ptg000050l	125801	125802	0.0	0.0	0.0	0.0
ptg000050l	125901	125902	0.0	0.0	1.0	0.0
ptg000050l	126001	126002	0.0	0.0	2.0	0.0
ptg000050l	126101	126102	0.0	1.0	2.0	0.0
ptg000050l	126201	126202	0.0	0.0	0.0	1.0
ptg000050l	126301	126302	0.0	0.0	0.0	0.0
ptg000050l	126401	126402	0.0	0.0	0.0	0.0
ptg000050l	126501	126502	0.0	0.0	0.0	0.0
ptg000050l	126601	126602	0.0	0.0	0.0	0.0
ptg000050l	126701	126702	0.0	0.0	0.0	0.0
ptg000050l	126801	126802	0.0	0.0	0.0	0.0
ptg000050l	126901	126902	0.0	0.0	1.0	0.0
ptg000050l	127001	127002	0.0	0.0	0.0	0.0
ptg000050l	127101	127102	0.0	0.0	0.0	0.0
ptg000050l	127201	127202	0.0	0.0	0.0	0.0
ptg000050l	127301	127302	0.0	0.0	0.0	0.0
ptg000050l	127401	127402	0.0	0.0	0.0	0.0
ptg000050l	127501	127502	0.0	0.0	0.0	0.0
ptg000050l	127601	127602	0.0	0.0	0.0	0.0
ptg000050l	127701	127702	0.0	0.0	0.0	0.0
ptg000050l	127801	127802	0.0	0.0	0.0	0.0
ptg000050l	127901	127902	1.0	1.0	0.0	0.0
ptg000050l	128001	128002	0.0	1.0	0.0	0.0
ptg000050l	128101	128102	1.0	1.0	0.0	1.0
ptg000050l	128201	128202	0.0	0.0	0.0	0.0
ptg000050l	128301	128302	0.0	0.0	0.0	0.0
ptg000050l	128401	128402	0.0	0.0	0.0	0.0
ptg000050l	128501	128502	0.0	0.0	0.0	0.0
ptg000050l	128601	128602	0.0	0.0	0.0	1.0
ptg000050l	128701	128702	1.0	0.0	0.0	0.0
ptg000050l	128801	128802	1.0	0.0	0.0	0.0
ptg000050l	128901	128902	0.0	0.0	0.0	0.0
ptg000050l	129001	129002	1.0	0.0	0.0	0.0
ptg000050l	129101	129102	1.0	0.0	0.0	0.0
ptg000050l	129201	129202	0.0	0.0	0.0	0.0
ptg000050l	129301	129302	1.0	1.0	2.0	0.0
ptg000050l	129401	129402	0.0	0.0	0.0	0.0
ptg000050l	129501	129502	0.0	0.0	0.0	0.0
ptg000050l	129601	129602	0.0	0.0	0.0	0.0
ptg000050l	129701	129702	0.0	0.0	0.0	0.0
ptg000050l	129801	129802	0.0	0.0	0.0	0.0
ptg000050l	129901	129902	0.0	1.0	0.0	1.0
ptg000050l	130001	130002	9.0	4.0	3.0	6.0
ptg000050l	130101	130102	9.0	4.0	4.0	4.0
ptg000050l	130201	130202	5.0	3.0	4.0	5.0
ptg000050l	130301	130302	2.0	2.0	1.0	3.0
ptg000050l	130401	130402	0.0	0.0	0.0	0.0
ptg000050l	130501	130502	0.0	0.0	0.0	0.0
ptg000050l	130601	130602	0.0	0.0	0.0	0.0
ptg000050l	130701	130702	0.0	0.0	0.0	0.0
ptg000050l	130801	130802	4.0	4.0	7.0	4.0
ptg000050l	130901	130902	0.0	0.0	0.0	0.0
ptg000050l	131001	131002	4.0	2.0	7.0	6.0
ptg000050l	131101	131102	2.0	0.0	3.0	0.0
ptg000050l	131201	131202	2.0	3.0	9.0	7.0
ptg000050l	131301	131302	6.0	6.0	9.0	11.0
ptg000050l	131401	131402	0.0	0.0	0.0	0.0
ptg000050l	131501	131502	0.0	0.0	0.0	0.0
ptg000050l	131601	131602	0.0	1.0	0.0	1.0
ptg000050l	131701	131702	0.0	1.0	0.0	1.0
ptg000050l	131801	131802	0.0	0.0	0.0	0.0
ptg000050l	131901	131902	0.0	0.0	0.0	0.0
ptg000050l	132001	132002	0.0	1.0	0.0	1.0
ptg000050l	132101	132102	0.0	0.0	0.0	0.0
ptg000050l	132201	132202	0.0	0.0	0.0	0.0
ptg000050l	132301	132302	3.0	7.0	3.0	3.0
ptg000050l	132401	132402	0.0	2.0	2.0	1.0
ptg000050l	132501	132502	5.0	1.0	2.0	5.0
ptg000050l	132601	132602	1.0	0.0	1.0	5.0
ptg000050l	132701	132702	1.0	4.0	2.0	4.0
ptg000050l	132801	132802	1.0	1.0	2.0	0.0
ptg000050l	132901	132902	2.0	0.0	1.0	0.0
ptg000050l	133001	133002	2.0	1.0	3.0	2.0
ptg000050l	133101	133102	0.0	2.0	1.0	1.0
ptg000050l	133201	133202	0.0	5.0	2.0	1.0
ptg000050l	133301	133302	2.0	2.0	3.0	1.0
ptg000050l	133401	133402	0.0	0.0	0.0	0.0
ptg000050l	133501	133502	6.0	4.0	5.0	3.0
ptg000050l	133601	133602	4.0	1.0	7.0	1.0
ptg000050l	133701	133702	0.0	0.0	0.0	1.0
ptg000050l	133801	133802	0.0	0.0	1.0	0.0
ptg000050l	133901	133902	2.0	0.0	0.0	0.0
ptg000050l	134001	134002	0.0	0.0	0.0	0.0
ptg000050l	134101	134102	0.0	0.0	0.0	0.0
ptg000050l	134201	134202	4.0	3.0	8.0	4.0
ptg000050l	134301	134302	10.0	6.0	5.0	5.0
ptg000050l	134401	134402	6.0	5.0	5.0	5.0
ptg000050l	134501	134502	7.0	4.0	15.0	8.0
ptg000050l	134601	134602	15.0	6.0	16.0	6.0
ptg000050l	134701	134702	9.0	7.0	18.0	6.0
ptg000050l	134801	134802	17.0	7.0	15.0	10.0
ptg000050l	134901	134902	25.0	14.0	14.0	13.0
ptg000050l	135001	135002	19.0	13.0	11.0	7.0
ptg000050l	135101	135102	18.0	11.0	10.0	6.0
ptg000050l	135201	135202	13.0	13.0	8.0	5.0
ptg000050l	135301	135302	13.0	11.0	7.0	12.0
ptg000050l	135401	135402	8.0	6.0	4.0	5.0
ptg000050l	135501	135502	3.0	0.0	0.0	0.0
ptg000050l	135601	135602	9.0	3.0	4.0	0.0
ptg000050l	135701	135702	6.0	2.0	3.0	3.0
ptg000050l	135801	135802	6.0	2.0	5.0	0.0
ptg000050l	135901	135902	7.0	5.0	7.0	3.0
ptg000050l	136001	136002	0.0	0.0	1.0	0.0
ptg000050l	136101	136102	6.0	2.0	3.0	1.0
ptg000050l	136201	136202	0.0	0.0	0.0	0.0
ptg000050l	136301	136302	2.0	0.0	1.0	0.0
ptg000050l	136401	136402	1.0	1.0	4.0	1.0
ptg000050l	136501	136502	2.0	1.0	1.0	1.0
ptg000050l	136601	136602	1.0	5.0	0.0	0.0
ptg000050l	136701	136702	1.0	1.0	0.0	0.0
ptg000050l	136801	136802	9.0	5.0	6.0	5.0
ptg000050l	136901	136902	10.0	7.0	9.0	5.0
ptg000050l	137001	137002	1.0	1.0	1.0	0.0
ptg000050l	137101	137102	0.0	2.0	5.0	1.0
ptg000050l	137201	137202	0.0	2.0	6.0	1.0
ptg000050l	137301	137302	1.0	3.0	2.0	2.0
ptg000050l	137401	137402	0.0	0.0	0.0	0.0
ptg000050l	137501	137502	4.0	2.0	1.0	1.0
ptg000050l	137601	137602	1.0	0.0	0.0	1.0
ptg000050l	137701	137702	4.0	13.0	3.0	4.0
ptg000050l	137801	137802	2.0	8.0	1.0	4.0
ptg000050l	137901	137902	10.0	14.0	5.0	12.0
ptg000050l	138001	138002	13.0	21.0	5.0	7.0
ptg000050l	138101	138102	14.0	8.0	13.0	11.0
ptg000050l	138201	138202	11.0	10.0	11.0	11.0
ptg000050l	138301	138302	13.0	18.0	11.0	16.0
ptg000050l	138401	138402	18.0	15.0	18.0	16.0
ptg000050l	138501	138502	7.0	9.0	13.0	11.0
ptg000050l	138601	138602	7.0	10.0	13.0	22.0
ptg000050l	138701	138702	13.0	19.0	17.0	23.0
ptg000050l	138801	138802	23.0	16.0	17.0	28.0
ptg000050l	138901	138902	15.0	14.0	17.0	16.0
ptg000050l	139001	139002	13.0	13.0	10.0	9.0
ptg000050l	139101	139102	11.0	18.0	16.0	10.0
ptg000050l	139201	139202	11.0	18.0	14.0	17.0
ptg000050l	139301	139302	8.0	18.0	8.0	15.0
ptg000050l	139401	139402	9.0	10.0	3.0	13.0
ptg000050l	139501	139502	11.0	15.0	6.0	15.0
ptg000050l	139601	139602	9.0	10.0	11.0	11.0
ptg000050l	139701	139702	6.0	12.0	12.0	15.0
ptg000050l	139801	139802	8.0	10.0	13.0	12.0
ptg000050l	139901	139902	7.0	14.0	12.0	12.0
ptg000050l	140001	140002	10.0	13.0	8.0	13.0
ptg000050l	140101	140102	4.0	7.0	7.0	6.0
ptg000050l	140201	140202	5.0	9.0	5.0	7.0
ptg000050l	140301	140302	21.0	15.0	8.0	16.0
ptg000050l	140401	140402	19.0	26.0	18.0	21.0
ptg000050l	140501	140502	15.0	17.0	12.0	12.0
ptg000050l	140601	140602	5.0	7.0	1.0	7.0
ptg000050l	140701	140702	8.0	13.0	6.0	10.0
ptg000050l	140801	140802	6.0	7.0	6.0	14.0
ptg000050l	140901	140902	6.0	10.0	5.0	6.0
ptg000050l	141001	141002	8.0	9.0	7.0	6.0
ptg000050l	141101	141102	10.0	8.0	5.0	9.0
ptg000050l	141201	141202	2.0	2.0	2.0	1.0
ptg000050l	141301	141302	2.0	0.0	3.0	0.0
ptg000050l	141401	141402	5.0	5.0	3.0	4.0
ptg000050l	141501	141502	3.0	4.0	8.0	9.0
ptg000050l	141601	141602	10.0	16.0	19.0	13.0
ptg000050l	141701	141702	8.0	14.0	10.0	9.0
ptg000050l	141801	141802	2.0	10.0	2.0	4.0
ptg000050l	141901	141902	4.0	12.0	7.0	6.0
ptg000050l	142001	142002	2.0	11.0	10.0	9.0
ptg000050l	142101	142102	2.0	10.0	5.0	9.0
ptg000050l	142201	142202	2.0	19.0	12.0	11.0
ptg000050l	142301	142302	13.0	23.0	11.0	16.0
ptg000050l	142401	142402	14.0	23.0	8.0	7.0
ptg000050l	142501	142502	17.0	19.0	14.0	8.0
ptg000050l	142601	142602	34.0	40.0	31.0	36.0
ptg000050l	142701	142702	13.0	14.0	9.0	16.0
ptg000050l	142801	142802	0.0	0.0	0.0	0.0
ptg000050l	142901	142902	0.0	0.0	1.0	0.0
ptg000050l	143001	143002	0.0	0.0	0.0	0.0
ptg000050l	143101	143102	1.0	0.0	1.0	1.0
ptg000050l	143201	143202	0.0	3.0	2.0	3.0
ptg000050l	143301	143302	9.0	7.0	4.0	6.0
ptg000050l	143401	143402	1.0	2.0	7.0	3.0
ptg000050l	143501	143502	8.0	7.0	9.0	8.0
ptg000050l	143601	143602	3.0	3.0	3.0	2.0
ptg000050l	143701	143702	0.0	0.0	0.0	0.0
ptg000050l	143801	143802	1.0	1.0	1.0	0.0
ptg000050l	143901	143902	2.0	0.0	0.0	0.0
ptg000050l	144001	144002	0.0	0.0	0.0	0.0
ptg000050l	144101	144102	0.0	0.0	0.0	0.0
ptg000050l	144201	144202	0.0	0.0	0.0	0.0
ptg000050l	144301	144302	0.0	0.0	0.0	0.0
ptg000050l	144401	144402	0.0	1.0	0.0	0.0
ptg000050l	144501	144502	0.0	0.0	0.0	0.0
ptg000050l	144601	144602	0.0	0.0	0.0	0.0
ptg000050l	144701	144702	0.0	0.0	0.0	0.0
ptg000050l	144801	144802	0.0	0.0	0.0	0.0
ptg000050l	144901	144902	4.0	1.0	5.0	0.0
ptg000050l	145001	145002	0.0	0.0	0.0	0.0
ptg000050l	145101	145102	1.0	0.0	0.0	0.0
ptg000050l	145201	145202	0.0	0.0	1.0	0.0
ptg000050l	145301	145302	0.0	0.0	1.0	0.0
ptg000050l	145401	145402	0.0	0.0	0.0	0.0
ptg000050l	145501	145502	0.0	0.0	0.0	0.0
ptg000050l	145601	145602	0.0	0.0	0.0	0.0
ptg000050l	145701	145702	0.0	0.0	0.0	0.0
ptg000050l	145801	145802	0.0	0.0	0.0	0.0
ptg000050l	145901	145902	0.0	0.0	0.0	0.0
ptg000050l	146001	146002	0.0	0.0	0.0	0.0
ptg000050l	146101	146102	0.0	0.0	0.0	0.0
ptg000050l	146201	146202	0.0	0.0	0.0	0.0
ptg000050l	146301	146302	0.0	0.0	0.0	0.0
ptg000050l	146401	146402	1.0	0.0	1.0	1.0
ptg000050l	146501	146502	1.0	0.0	2.0	3.0
ptg000050l	146601	146602	0.0	0.0	0.0	0.0
ptg000050l	146701	146702	0.0	0.0	0.0	0.0
ptg000050l	146801	146802	0.0	0.0	0.0	1.0
ptg000050l	146901	146902	4.0	2.0	0.0	0.0
ptg000050l	147001	147002	4.0	1.0	0.0	0.0
ptg000050l	147101	147102	0.0	0.0	0.0	0.0
