#plotCoverage --outRawCounts
#'chr'	'start'	'end'	'S1.dedup.bam'	'S2.dedup.bam'	'S3.dedup.bam'	'S4.dedup.bam'
ptg000087l	1	2	1.0	2.0	1.0	0.0
ptg000087l	101	102	43.0	30.0	56.0	26.0
ptg000087l	201	202	53.0	43.0	55.0	40.0
ptg000087l	301	302	5.0	8.0	5.0	2.0
ptg000087l	401	402	5.0	2.0	6.0	7.0
ptg000087l	501	502	199.0	198.0	186.0	140.0
ptg000087l	601	602	166.0	132.0	149.0	101.0
ptg000087l	701	702	76.0	57.0	55.0	47.0
ptg000087l	801	802	136.0	142.0	136.0	132.0
ptg000087l	901	902	41.0	21.0	29.0	40.0
ptg000087l	1001	1002	63.0	50.0	69.0	38.0
ptg000087l	1101	1102	118.0	98.0	130.0	67.0
ptg000087l	1201	1202	224.0	155.0	147.0	115.0
ptg000087l	1301	1302	166.0	118.0	108.0	76.0
ptg000087l	1401	1402	102.0	121.0	120.0	69.0
ptg000087l	1501	1502	327.0	277.0	374.0	180.0
ptg000087l	1601	1602	270.0	210.0	289.0	138.0
ptg000087l	1701	1702	193.0	178.0	187.0	105.0
ptg000087l	1801	1802	121.0	85.0	111.0	61.0
ptg000087l	1901	1902	250.0	198.0	210.0	204.0
ptg000087l	2001	2002	830.0	746.0	736.0	706.0
ptg000087l	2101	2102	837.0	755.0	754.0	702.0
ptg000087l	2201	2202	167.0	165.0	135.0	136.0
ptg000087l	2301	2302	168.0	142.0	141.0	141.0
ptg000087l	2401	2402	278.0	215.0	223.0	185.0
ptg000087l	2501	2502	134.0	97.0	116.0	88.0
ptg000087l	2601	2602	73.0	53.0	79.0	60.0
ptg000087l	2701	2702	28.0	42.0	37.0	25.0
ptg000087l	2801	2802	72.0	28.0	66.0	34.0
ptg000087l	2901	2902	75.0	33.0	59.0	36.0
ptg000087l	3001	3002	56.0	38.0	68.0	38.0
ptg000087l	3101	3102	68.0	43.0	70.0	49.0
ptg000087l	3201	3202	78.0	55.0	71.0	40.0
ptg000087l	3301	3302	72.0	50.0	76.0	33.0
ptg000087l	3401	3402	62.0	55.0	69.0	47.0
ptg000087l	3501	3502	71.0	46.0	67.0	48.0
ptg000087l	3601	3602	95.0	32.0	57.0	46.0
ptg000087l	3701	3702	94.0	47.0	56.0	49.0
ptg000087l	3801	3802	105.0	47.0	83.0	57.0
ptg000087l	3901	3902	129.0	61.0	75.0	60.0
ptg000087l	4001	4002	99.0	60.0	71.0	69.0
ptg000087l	4101	4102	114.0	65.0	89.0	73.0
ptg000087l	4201	4202	115.0	68.0	84.0	74.0
ptg000087l	4301	4302	103.0	62.0	81.0	43.0
ptg000087l	4401	4402	86.0	57.0	95.0	47.0
ptg000087l	4501	4502	102.0	71.0	94.0	47.0
ptg000087l	4601	4602	85.0	62.0	72.0	48.0
ptg000087l	4701	4702	88.0	50.0	82.0	54.0
ptg000087l	4801	4802	68.0	46.0	76.0	49.0
ptg000087l	4901	4902	69.0	48.0	77.0	40.0
ptg000087l	5001	5002	67.0	49.0	76.0	38.0
ptg000087l	5101	5102	54.0	42.0	69.0	32.0
ptg000087l	5201	5202	68.0	56.0	75.0	57.0
ptg000087l	5301	5302	76.0	37.0	81.0	47.0
ptg000087l	5401	5402	58.0	48.0	83.0	52.0
ptg000087l	5501	5502	93.0	42.0	84.0	77.0
ptg000087l	5601	5602	87.0	48.0	78.0	66.0
ptg000087l	5701	5702	78.0	69.0	106.0	52.0
ptg000087l	5801	5802	62.0	45.0	62.0	53.0
ptg000087l	5901	5902	51.0	48.0	69.0	67.0
ptg000087l	6001	6002	85.0	73.0	92.0	69.0
ptg000087l	6101	6102	97.0	79.0	110.0	58.0
ptg000087l	6201	6202	93.0	73.0	85.0	50.0
ptg000087l	6301	6302	102.0	55.0	81.0	61.0
ptg000087l	6401	6402	117.0	94.0	87.0	68.0
ptg000087l	6501	6502	143.0	83.0	107.0	76.0
ptg000087l	6601	6602	178.0	120.0	110.0	66.0
ptg000087l	6701	6702	101.0	77.0	85.0	47.0
ptg000087l	6801	6802	79.0	60.0	61.0	46.0
ptg000087l	6901	6902	19.0	26.0	24.0	19.0
ptg000087l	7001	7002	55.0	51.0	60.0	42.0
ptg000087l	7101	7102	44.0	42.0	54.0	43.0
ptg000087l	7201	7202	13.0	29.0	32.0	28.0
ptg000087l	7301	7302	40.0	51.0	48.0	36.0
ptg000087l	7401	7402	39.0	46.0	46.0	37.0
ptg000087l	7501	7502	16.0	15.0	23.0	11.0
ptg000087l	7601	7602	71.0	59.0	55.0	46.0
ptg000087l	7701	7702	68.0	58.0	65.0	50.0
ptg000087l	7801	7802	57.0	44.0	60.0	61.0
ptg000087l	7901	7902	27.0	20.0	24.0	23.0
ptg000087l	8001	8002	52.0	34.0	38.0	29.0
ptg000087l	8101	8102	58.0	51.0	55.0	43.0
ptg000087l	8201	8202	61.0	46.0	53.0	58.0
ptg000087l	8301	8302	32.0	25.0	31.0	42.0
ptg000087l	8401	8402	21.0	28.0	29.0	23.0
ptg000087l	8501	8502	57.0	43.0	46.0	28.0
ptg000087l	8601	8602	164.0	110.0	107.0	70.0
ptg000087l	8701	8702	150.0	117.0	123.0	78.0
ptg000087l	8801	8802	134.0	144.0	99.0	97.0
ptg000087l	8901	8902	149.0	155.0	121.0	119.0
ptg000087l	9001	9002	185.0	165.0	135.0	143.0
ptg000087l	9101	9102	158.0	160.0	131.0	137.0
ptg000087l	9201	9202	22.0	14.0	14.0	12.0
ptg000087l	9301	9302	110.0	110.0	97.0	88.0
ptg000087l	9401	9402	232.0	204.0	202.0	196.0
ptg000087l	9501	9502	191.0	222.0	191.0	165.0
ptg000087l	9601	9602	105.0	90.0	84.0	77.0
ptg000087l	9701	9702	63.0	62.0	53.0	68.0
ptg000087l	9801	9802	29.0	32.0	23.0	33.0
ptg000087l	9901	9902	138.0	131.0	125.0	101.0
ptg000087l	10001	10002	313.0	278.0	250.0	180.0
ptg000087l	10101	10102	361.0	331.0	276.0	201.0
ptg000087l	10201	10202	41.0	57.0	47.0	26.0
ptg000087l	10301	10302	102.0	98.0	106.0	54.0
ptg000087l	10401	10402	308.0	230.0	273.0	158.0
ptg000087l	10501	10502	328.0	245.0	289.0	151.0
ptg000087l	10601	10602	99.0	46.0	75.0	24.0
ptg000087l	10701	10702	17.0	28.0	27.0	17.0
ptg000087l	10801	10802	57.0	62.0	50.0	45.0
ptg000087l	10901	10902	56.0	59.0	41.0	39.0
ptg000087l	11001	11002	46.0	45.0	44.0	32.0
ptg000087l	11101	11102	116.0	109.0	103.0	95.0
ptg000087l	11201	11202	108.0	100.0	115.0	88.0
ptg000087l	11301	11302	130.0	111.0	113.0	80.0
ptg000087l	11401	11402	50.0	42.0	46.0	34.0
ptg000087l	11501	11502	139.0	97.0	101.0	82.0
ptg000087l	11601	11602	197.0	132.0	119.0	90.0
ptg000087l	11701	11702	151.0	141.0	109.0	96.0
ptg000087l	11801	11802	105.0	99.0	93.0	69.0
ptg000087l	11901	11902	23.0	29.0	21.0	24.0
ptg000087l	12001	12002	43.0	42.0	45.0	30.0
ptg000087l	12101	12102	58.0	56.0	68.0	54.0
ptg000087l	12201	12202	41.0	53.0	56.0	40.0
ptg000087l	12301	12302	29.0	29.0	26.0	15.0
ptg000087l	12401	12402	90.0	81.0	105.0	66.0
ptg000087l	12501	12502	93.0	69.0	101.0	75.0
ptg000087l	12601	12602	98.0	74.0	83.0	78.0
ptg000087l	12701	12702	69.0	64.0	68.0	75.0
ptg000087l	12801	12802	64.0	51.0	60.0	63.0
ptg000087l	12901	12902	61.0	50.0	49.0	43.0
ptg000087l	13001	13002	30.0	48.0	51.0	30.0
ptg000087l	13101	13102	29.0	36.0	42.0	30.0
ptg000087l	13201	13202	63.0	65.0	69.0	52.0
ptg000087l	13301	13302	74.0	73.0	74.0	58.0
ptg000087l	13401	13402	41.0	47.0	44.0	29.0
ptg000087l	13501	13502	29.0	26.0	37.0	19.0
ptg000087l	13601	13602	34.0	35.0	39.0	32.0
ptg000087l	13701	13702	21.0	24.0	20.0	29.0
ptg000087l	13801	13802	25.0	28.0	34.0	23.0
ptg000087l	13901	13902	21.0	27.0	36.0	25.0
ptg000087l	14001	14002	38.0	34.0	41.0	27.0
ptg000087l	14101	14102	32.0	23.0	34.0	15.0
ptg000087l	14201	14202	26.0	24.0	39.0	25.0
ptg000087l	14301	14302	240.0	148.0	177.0	144.0
ptg000087l	14401	14402	287.0	208.0	219.0	185.0
ptg000087l	14501	14502	113.0	78.0	86.0	61.0
ptg000087l	14601	14602	198.0	145.0	178.0	150.0
ptg000087l	14701	14702	175.0	120.0	161.0	140.0
ptg000087l	14801	14802	159.0	111.0	132.0	113.0
ptg000087l	14901	14902	136.0	158.0	141.0	112.0
ptg000087l	15001	15002	74.0	102.0	87.0	67.0
ptg000087l	15101	15102	7.0	7.0	5.0	10.0
ptg000087l	15201	15202	76.0	57.0	72.0	47.0
ptg000087l	15301	15302	51.0	46.0	50.0	24.0
ptg000087l	15401	15402	86.0	92.0	97.0	60.0
ptg000087l	15501	15502	67.0	67.0	55.0	51.0
ptg000087l	15601	15602	44.0	68.0	53.0	59.0
ptg000087l	15701	15702	52.0	48.0	52.0	52.0
ptg000087l	15801	15802	41.0	28.0	35.0	25.0
ptg000087l	15901	15902	18.0	24.0	28.0	12.0
ptg000087l	16001	16002	27.0	37.0	20.0	21.0
ptg000087l	16101	16102	28.0	35.0	22.0	13.0
ptg000087l	16201	16202	35.0	16.0	30.0	15.0
ptg000087l	16301	16302	37.0	18.0	28.0	17.0
ptg000087l	16401	16402	7.0	6.0	7.0	3.0
ptg000087l	16501	16502	48.0	37.0	36.0	31.0
ptg000087l	16601	16602	49.0	33.0	31.0	25.0
ptg000087l	16701	16702	89.0	76.0	84.0	69.0
ptg000087l	16801	16802	46.0	48.0	41.0	38.0
ptg000087l	16901	16902	79.0	81.0	84.0	47.0
ptg000087l	17001	17002	114.0	90.0	127.0	58.0
ptg000087l	17101	17102	35.0	26.0	38.0	16.0
ptg000087l	17201	17202	42.0	32.0	39.0	32.0
ptg000087l	17301	17302	64.0	42.0	48.0	38.0
ptg000087l	17401	17402	78.0	50.0	47.0	35.0
ptg000087l	17501	17502	170.0	102.0	125.0	77.0
ptg000087l	17601	17602	155.0	92.0	102.0	82.0
ptg000087l	17701	17702	101.0	63.0	79.0	48.0
ptg000087l	17801	17802	18.0	20.0	20.0	12.0
ptg000087l	17901	17902	74.0	57.0	65.0	41.0
ptg000087l	18001	18002	54.0	42.0	27.0	36.0
ptg000087l	18101	18102	15.0	4.0	6.0	11.0
ptg000087l	18201	18202	51.0	44.0	46.0	43.0
ptg000087l	18301	18302	78.0	70.0	68.0	46.0
ptg000087l	18401	18402	95.0	93.0	99.0	74.0
ptg000087l	18501	18502	25.0	38.0	55.0	33.0
ptg000087l	18601	18602	22.0	17.0	13.0	5.0
ptg000087l	18701	18702	82.0	70.0	56.0	49.0
ptg000087l	18801	18802	20.0	20.0	19.0	22.0
ptg000087l	18901	18902	60.0	44.0	39.0	42.0
ptg000087l	19001	19002	47.0	33.0	35.0	33.0
ptg000087l	19101	19102	9.0	8.0	15.0	3.0
ptg000087l	19201	19202	25.0	23.0	26.0	16.0
ptg000087l	19301	19302	5.0	4.0	6.0	4.0
ptg000087l	19401	19402	3.0	1.0	1.0	0.0
ptg000087l	19501	19502	5.0	3.0	8.0	3.0
ptg000087l	19601	19602	10.0	4.0	7.0	6.0
ptg000087l	19701	19702	6.0	3.0	5.0	2.0
ptg000087l	19801	19802	6.0	1.0	2.0	4.0
ptg000087l	19901	19902	16.0	13.0	7.0	14.0
ptg000087l	20001	20002	11.0	7.0	6.0	10.0
ptg000087l	20101	20102	1.0	1.0	1.0	6.0
ptg000087l	20201	20202	7.0	0.0	9.0	7.0
ptg000087l	20301	20302	48.0	32.0	33.0	30.0
ptg000087l	20401	20402	45.0	42.0	36.0	26.0
ptg000087l	20501	20502	3.0	3.0	2.0	7.0
ptg000087l	20601	20602	42.0	39.0	41.0	28.0
ptg000087l	20701	20702	18.0	17.0	20.0	13.0
ptg000087l	20801	20802	38.0	36.0	37.0	31.0
ptg000087l	20901	20902	290.0	338.0	277.0	323.0
ptg000087l	21001	21002	815.0	924.0	749.0	822.0
ptg000087l	21101	21102	377.0	386.0	319.0	375.0
ptg000087l	21201	21202	6.0	7.0	7.0	1.0
ptg000087l	21301	21302	12.0	13.0	12.0	3.0
ptg000087l	21401	21402	5.0	0.0	5.0	0.0
ptg000087l	21501	21502	22.0	10.0	12.0	13.0
ptg000087l	21601	21602	50.0	37.0	31.0	10.0
ptg000087l	21701	21702	112.0	74.0	106.0	32.0
ptg000087l	21801	21802	37.0	56.0	49.0	24.0
ptg000087l	21901	21902	24.0	26.0	25.0	16.0
ptg000087l	22001	22002	12.0	11.0	10.0	9.0
ptg000087l	22101	22102	8.0	6.0	13.0	10.0
ptg000087l	22201	22202	19.0	10.0	20.0	12.0
ptg000087l	22301	22302	89.0	75.0	79.0	51.0
ptg000087l	22401	22402	116.0	83.0	74.0	66.0
ptg000087l	22501	22502	447.0	280.0	397.0	174.0
ptg000087l	22601	22602	336.0	248.0	280.0	172.0
ptg000087l	22701	22702	161.0	152.0	147.0	90.0
ptg000087l	22801	22802	116.0	130.0	156.0	96.0
ptg000087l	22901	22902	249.0	225.0	254.0	188.0
ptg000087l	23001	23002	407.0	381.0	368.0	324.0
ptg000087l	23101	23102	221.0	194.0	175.0	157.0
ptg000087l	23201	23202	708.0	718.0	625.0	591.0
ptg000087l	23301	23302	917.0	857.0	792.0	693.0
ptg000087l	23401	23402	197.0	200.0	188.0	163.0
ptg000087l	23501	23502	68.0	111.0	99.0	61.0
ptg000087l	23601	23602	181.0	216.0	148.0	128.0
ptg000087l	23701	23702	250.0	280.0	229.0	203.0
ptg000087l	23801	23802	450.0	649.0	531.0	501.0
ptg000087l	23901	23902	75.0	104.0	99.0	68.0
ptg000087l	24001	24002	137.0	100.0	150.0	70.0
ptg000087l	24101	24102	91.0	66.0	107.0	42.0
ptg000087l	24201	24202	18.0	10.0	25.0	3.0
ptg000087l	24301	24302	71.0	58.0	54.0	27.0
ptg000087l	24401	24402	54.0	46.0	42.0	32.0
ptg000087l	24501	24502	103.0	80.0	113.0	50.0
ptg000087l	24601	24602	142.0	100.0	131.0	68.0
ptg000087l	24701	24702	111.0	65.0	107.0	61.0
ptg000087l	24801	24802	53.0	46.0	56.0	35.0
ptg000087l	24901	24902	20.0	24.0	29.0	10.0
ptg000087l	25001	25002	57.0	46.0	59.0	22.0
ptg000087l	25101	25102	20.0	23.0	16.0	8.0
