#plotCoverage --outRawCounts
#'chr'	'start'	'end'	'S1.dedup.bam'	'S2.dedup.bam'	'S3.dedup.bam'	'S4.dedup.bam'
ptg000051l	1	2	0.0	1.0	0.0	1.0
ptg000051l	101	102	2.0	3.0	3.0	1.0
ptg000051l	201	202	0.0	0.0	0.0	0.0
ptg000051l	301	302	0.0	0.0	0.0	0.0
ptg000051l	401	402	0.0	0.0	0.0	0.0
ptg000051l	501	502	8.0	9.0	9.0	6.0
ptg000051l	601	602	16.0	15.0	9.0	16.0
ptg000051l	701	702	0.0	0.0	0.0	0.0
ptg000051l	801	802	8.0	10.0	11.0	9.0
ptg000051l	901	902	8.0	10.0	8.0	5.0
ptg000051l	1001	1002	23.0	11.0	20.0	22.0
ptg000051l	1101	1102	30.0	13.0	21.0	31.0
ptg000051l	1201	1202	12.0	10.0	14.0	19.0
ptg000051l	1301	1302	1.0	2.0	8.0	5.0
ptg000051l	1401	1402	1.0	0.0	0.0	0.0
ptg000051l	1501	1502	2.0	3.0	1.0	2.0
ptg000051l	1601	1602	2.0	2.0	0.0	3.0
ptg000051l	1701	1702	0.0	1.0	0.0	0.0
ptg000051l	1801	1802	0.0	1.0	0.0	0.0
ptg000051l	1901	1902	0.0	0.0	0.0	0.0
ptg000051l	2001	2002	2.0	1.0	0.0	0.0
ptg000051l	2101	2102	0.0	1.0	0.0	0.0
ptg000051l	2201	2202	0.0	0.0	0.0	0.0
ptg000051l	2301	2302	0.0	0.0	0.0	0.0
ptg000051l	2401	2402	0.0	0.0	0.0	0.0
ptg000051l	2501	2502	0.0	0.0	0.0	0.0
ptg000051l	2601	2602	0.0	0.0	1.0	0.0
ptg000051l	2701	2702	0.0	4.0	2.0	0.0
ptg000051l	2801	2802	0.0	1.0	0.0	0.0
ptg000051l	2901	2902	1.0	0.0	0.0	1.0
ptg000051l	3001	3002	0.0	0.0	0.0	0.0
ptg000051l	3101	3102	0.0	0.0	0.0	0.0
ptg000051l	3201	3202	0.0	0.0	0.0	0.0
ptg000051l	3301	3302	0.0	0.0	0.0	0.0
ptg000051l	3401	3402	0.0	0.0	0.0	0.0
ptg000051l	3501	3502	0.0	0.0	0.0	0.0
ptg000051l	3601	3602	0.0	0.0	0.0	0.0
ptg000051l	3701	3702	0.0	0.0	0.0	0.0
ptg000051l	3801	3802	0.0	0.0	0.0	0.0
ptg000051l	3901	3902	0.0	0.0	0.0	0.0
ptg000051l	4001	4002	0.0	0.0	0.0	0.0
ptg000051l	4101	4102	0.0	0.0	0.0	0.0
ptg000051l	4201	4202	0.0	0.0	0.0	0.0
ptg000051l	4301	4302	0.0	0.0	0.0	0.0
ptg000051l	4401	4402	0.0	0.0	0.0	0.0
ptg000051l	4501	4502	0.0	0.0	0.0	0.0
ptg000051l	4601	4602	0.0	0.0	0.0	0.0
ptg000051l	4701	4702	0.0	0.0	0.0	0.0
ptg000051l	4801	4802	1.0	0.0	0.0	2.0
ptg000051l	4901	4902	2.0	0.0	0.0	0.0
ptg000051l	5001	5002	0.0	0.0	0.0	0.0
ptg000051l	5101	5102	0.0	0.0	0.0	0.0
ptg000051l	5201	5202	0.0	0.0	0.0	0.0
ptg000051l	5301	5302	0.0	0.0	1.0	0.0
ptg000051l	5401	5402	0.0	0.0	0.0	1.0
ptg000051l	5501	5502	2.0	1.0	0.0	2.0
ptg000051l	5601	5602	0.0	0.0	0.0	1.0
ptg000051l	5701	5702	0.0	0.0	0.0	0.0
ptg000051l	5801	5802	0.0	0.0	0.0	0.0
ptg000051l	5901	5902	0.0	0.0	0.0	0.0
ptg000051l	6001	6002	0.0	0.0	0.0	0.0
ptg000051l	6101	6102	0.0	0.0	0.0	0.0
ptg000051l	6201	6202	0.0	0.0	0.0	0.0
ptg000051l	6301	6302	0.0	0.0	0.0	0.0
ptg000051l	6401	6402	0.0	0.0	1.0	0.0
ptg000051l	6501	6502	0.0	0.0	1.0	1.0
ptg000051l	6601	6602	0.0	0.0	0.0	0.0
ptg000051l	6701	6702	0.0	0.0	0.0	0.0
ptg000051l	6801	6802	0.0	0.0	1.0	0.0
ptg000051l	6901	6902	0.0	0.0	0.0	0.0
ptg000051l	7001	7002	0.0	0.0	0.0	0.0
ptg000051l	7101	7102	0.0	0.0	0.0	0.0
ptg000051l	7201	7202	0.0	0.0	0.0	0.0
ptg000051l	7301	7302	0.0	0.0	0.0	0.0
ptg000051l	7401	7402	0.0	0.0	0.0	0.0
ptg000051l	7501	7502	1.0	4.0	4.0	4.0
ptg000051l	7601	7602	7.0	8.0	7.0	6.0
ptg000051l	7701	7702	0.0	1.0	1.0	0.0
ptg000051l	7801	7802	1.0	3.0	4.0	5.0
ptg000051l	7901	7902	1.0	3.0	2.0	3.0
ptg000051l	8001	8002	1.0	0.0	1.0	0.0
ptg000051l	8101	8102	0.0	0.0	1.0	0.0
ptg000051l	8201	8202	0.0	0.0	1.0	0.0
ptg000051l	8301	8302	0.0	0.0	2.0	0.0
ptg000051l	8401	8402	0.0	2.0	1.0	3.0
ptg000051l	8501	8502	0.0	0.0	0.0	0.0
ptg000051l	8601	8602	0.0	0.0	0.0	0.0
ptg000051l	8701	8702	0.0	1.0	0.0	0.0
ptg000051l	8801	8802	0.0	0.0	0.0	0.0
ptg000051l	8901	8902	0.0	0.0	0.0	0.0
ptg000051l	9001	9002	0.0	0.0	0.0	0.0
ptg000051l	9101	9102	0.0	0.0	0.0	0.0
ptg000051l	9201	9202	1.0	1.0	1.0	1.0
ptg000051l	9301	9302	3.0	4.0	0.0	2.0
ptg000051l	9401	9402	0.0	4.0	0.0	1.0
ptg000051l	9501	9502	2.0	4.0	4.0	0.0
ptg000051l	9601	9602	1.0	4.0	5.0	3.0
ptg000051l	9701	9702	5.0	1.0	9.0	6.0
ptg000051l	9801	9802	5.0	3.0	8.0	3.0
ptg000051l	9901	9902	3.0	2.0	2.0	0.0
ptg000051l	10001	10002	3.0	2.0	2.0	1.0
ptg000051l	10101	10102	4.0	1.0	2.0	1.0
ptg000051l	10201	10202	3.0	1.0	2.0	1.0
ptg000051l	10301	10302	1.0	1.0	2.0	1.0
ptg000051l	10401	10402	1.0	2.0	1.0	0.0
ptg000051l	10501	10502	0.0	0.0	0.0	0.0
ptg000051l	10601	10602	0.0	0.0	0.0	0.0
ptg000051l	10701	10702	2.0	0.0	0.0	0.0
ptg000051l	10801	10802	1.0	0.0	0.0	0.0
ptg000051l	10901	10902	1.0	1.0	0.0	0.0
ptg000051l	11001	11002	2.0	1.0	0.0	0.0
ptg000051l	11101	11102	2.0	2.0	1.0	0.0
ptg000051l	11201	11202	3.0	1.0	1.0	0.0
ptg000051l	11301	11302	1.0	0.0	2.0	0.0
ptg000051l	11401	11402	2.0	0.0	3.0	0.0
ptg000051l	11501	11502	3.0	0.0	2.0	0.0
ptg000051l	11601	11602	3.0	0.0	1.0	0.0
ptg000051l	11701	11702	3.0	1.0	1.0	0.0
ptg000051l	11801	11802	5.0	2.0	4.0	0.0
ptg000051l	11901	11902	6.0	2.0	4.0	2.0
ptg000051l	12001	12002	2.0	3.0	1.0	3.0
ptg000051l	12101	12102	1.0	4.0	2.0	3.0
ptg000051l	12201	12202	2.0	4.0	0.0	6.0
ptg000051l	12301	12302	2.0	4.0	0.0	2.0
ptg000051l	12401	12402	0.0	0.0	0.0	0.0
ptg000051l	12501	12502	0.0	1.0	0.0	1.0
ptg000051l	12601	12602	0.0	1.0	1.0	0.0
ptg000051l	12701	12702	0.0	0.0	0.0	0.0
ptg000051l	12801	12802	0.0	0.0	0.0	0.0
ptg000051l	12901	12902	0.0	0.0	0.0	0.0
ptg000051l	13001	13002	40.0	24.0	26.0	35.0
ptg000051l	13101	13102	50.0	40.0	25.0	45.0
ptg000051l	13201	13202	0.0	0.0	0.0	0.0
ptg000051l	13301	13302	0.0	0.0	0.0	0.0
ptg000051l	13401	13402	0.0	0.0	0.0	0.0
ptg000051l	13501	13502	0.0	0.0	0.0	0.0
ptg000051l	13601	13602	0.0	0.0	0.0	0.0
ptg000051l	13701	13702	0.0	0.0	0.0	0.0
ptg000051l	13801	13802	1.0	0.0	0.0	0.0
ptg000051l	13901	13902	0.0	1.0	0.0	0.0
ptg000051l	14001	14002	1.0	3.0	1.0	4.0
ptg000051l	14101	14102	0.0	0.0	0.0	1.0
ptg000051l	14201	14202	0.0	0.0	0.0	0.0
ptg000051l	14301	14302	6.0	1.0	4.0	2.0
ptg000051l	14401	14402	0.0	0.0	0.0	0.0
ptg000051l	14501	14502	0.0	0.0	0.0	0.0
ptg000051l	14601	14602	0.0	0.0	0.0	0.0
ptg000051l	14701	14702	0.0	0.0	0.0	0.0
ptg000051l	14801	14802	0.0	0.0	0.0	0.0
ptg000051l	14901	14902	0.0	0.0	1.0	0.0
ptg000051l	15001	15002	0.0	0.0	0.0	0.0
ptg000051l	15101	15102	0.0	1.0	0.0	2.0
ptg000051l	15201	15202	0.0	0.0	0.0	0.0
ptg000051l	15301	15302	0.0	0.0	0.0	0.0
ptg000051l	15401	15402	0.0	0.0	0.0	0.0
ptg000051l	15501	15502	0.0	0.0	0.0	0.0
ptg000051l	15601	15602	0.0	0.0	0.0	0.0
ptg000051l	15701	15702	0.0	1.0	0.0	0.0
ptg000051l	15801	15802	0.0	5.0	3.0	3.0
ptg000051l	15901	15902	0.0	6.0	2.0	3.0
ptg000051l	16001	16002	0.0	0.0	1.0	1.0
ptg000051l	16101	16102	0.0	0.0	0.0	0.0
ptg000051l	16201	16202	0.0	3.0	1.0	0.0
ptg000051l	16301	16302	0.0	2.0	0.0	0.0
ptg000051l	16401	16402	1.0	1.0	1.0	0.0
ptg000051l	16501	16502	0.0	1.0	0.0	0.0
ptg000051l	16601	16602	0.0	0.0	0.0	0.0
ptg000051l	16701	16702	0.0	0.0	0.0	0.0
ptg000051l	16801	16802	0.0	0.0	0.0	0.0
ptg000051l	16901	16902	0.0	0.0	0.0	0.0
ptg000051l	17001	17002	0.0	0.0	0.0	0.0
ptg000051l	17101	17102	0.0	0.0	0.0	0.0
ptg000051l	17201	17202	0.0	0.0	0.0	0.0
ptg000051l	17301	17302	0.0	0.0	0.0	0.0
ptg000051l	17401	17402	0.0	0.0	0.0	0.0
ptg000051l	17501	17502	0.0	0.0	0.0	0.0
ptg000051l	17601	17602	0.0	0.0	0.0	0.0
ptg000051l	17701	17702	0.0	0.0	0.0	0.0
ptg000051l	17801	17802	0.0	0.0	0.0	0.0
ptg000051l	17901	17902	0.0	0.0	3.0	0.0
ptg000051l	18001	18002	0.0	0.0	1.0	0.0
ptg000051l	18101	18102	0.0	0.0	2.0	0.0
ptg000051l	18201	18202	0.0	0.0	1.0	0.0
ptg000051l	18301	18302	0.0	0.0	0.0	0.0
ptg000051l	18401	18402	0.0	0.0	0.0	0.0
ptg000051l	18501	18502	0.0	0.0	1.0	0.0
ptg000051l	18601	18602	0.0	0.0	1.0	0.0
ptg000051l	18701	18702	0.0	0.0	1.0	0.0
ptg000051l	18801	18802	0.0	0.0	1.0	0.0
ptg000051l	18901	18902	0.0	0.0	0.0	0.0
ptg000051l	19001	19002	0.0	0.0	0.0	0.0
ptg000051l	19101	19102	0.0	0.0	0.0	1.0
ptg000051l	19201	19202	5.0	1.0	5.0	0.0
ptg000051l	19301	19302	8.0	5.0	14.0	4.0
ptg000051l	19401	19402	8.0	8.0	13.0	3.0
ptg000051l	19501	19502	0.0	2.0	5.0	0.0
ptg000051l	19601	19602	3.0	3.0	6.0	0.0
ptg000051l	19701	19702	6.0	1.0	6.0	2.0
ptg000051l	19801	19802	9.0	0.0	9.0	3.0
ptg000051l	19901	19902	6.0	1.0	4.0	0.0
ptg000051l	20001	20002	9.0	1.0	2.0	2.0
ptg000051l	20101	20102	16.0	2.0	6.0	2.0
ptg000051l	20201	20202	12.0	2.0	9.0	2.0
ptg000051l	20301	20302	11.0	1.0	11.0	1.0
ptg000051l	20401	20402	6.0	3.0	9.0	0.0
ptg000051l	20501	20502	19.0	6.0	20.0	0.0
ptg000051l	20601	20602	23.0	7.0	30.0	2.0
ptg000051l	20701	20702	31.0	8.0	33.0	6.0
ptg000051l	20801	20802	46.0	9.0	31.0	3.0
ptg000051l	20901	20902	57.0	23.0	41.0	6.0
ptg000051l	21001	21002	42.0	16.0	30.0	8.0
ptg000051l	21101	21102	49.0	13.0	31.0	11.0
ptg000051l	21201	21202	47.0	14.0	32.0	13.0
ptg000051l	21301	21302	38.0	18.0	35.0	13.0
ptg000051l	21401	21402	21.0	9.0	22.0	5.0
ptg000051l	21501	21502	26.0	9.0	25.0	7.0
ptg000051l	21601	21602	25.0	3.0	24.0	4.0
ptg000051l	21701	21702	16.0	5.0	12.0	3.0
ptg000051l	21801	21802	12.0	6.0	26.0	5.0
ptg000051l	21901	21902	15.0	1.0	21.0	4.0
ptg000051l	22001	22002	14.0	3.0	8.0	1.0
ptg000051l	22101	22102	13.0	1.0	4.0	2.0
ptg000051l	22201	22202	15.0	3.0	4.0	3.0
ptg000051l	22301	22302	14.0	2.0	5.0	0.0
ptg000051l	22401	22402	12.0	0.0	7.0	4.0
ptg000051l	22501	22502	11.0	1.0	8.0	3.0
ptg000051l	22601	22602	12.0	0.0	7.0	0.0
ptg000051l	22701	22702	11.0	2.0	4.0	3.0
ptg000051l	22801	22802	8.0	3.0	6.0	3.0
ptg000051l	22901	22902	7.0	1.0	3.0	0.0
ptg000051l	23001	23002	7.0	0.0	8.0	1.0
ptg000051l	23101	23102	3.0	2.0	12.0	1.0
ptg000051l	23201	23202	6.0	0.0	10.0	0.0
ptg000051l	23301	23302	2.0	0.0	4.0	0.0
ptg000051l	23401	23402	1.0	0.0	0.0	0.0
ptg000051l	23501	23502	1.0	0.0	0.0	0.0
ptg000051l	23601	23602	0.0	0.0	0.0	0.0
ptg000051l	23701	23702	0.0	0.0	0.0	0.0
ptg000051l	23801	23802	0.0	0.0	0.0	0.0
ptg000051l	23901	23902	0.0	0.0	0.0	0.0
ptg000051l	24001	24002	0.0	0.0	0.0	0.0
ptg000051l	24101	24102	0.0	0.0	0.0	0.0
ptg000051l	24201	24202	0.0	0.0	0.0	0.0
ptg000051l	24301	24302	0.0	0.0	0.0	0.0
ptg000051l	24401	24402	0.0	0.0	0.0	0.0
ptg000051l	24501	24502	0.0	0.0	0.0	0.0
ptg000051l	24601	24602	0.0	0.0	0.0	0.0
ptg000051l	24701	24702	0.0	0.0	0.0	0.0
ptg000051l	24801	24802	0.0	0.0	0.0	0.0
ptg000051l	24901	24902	0.0	0.0	0.0	1.0
ptg000051l	25001	25002	0.0	1.0	0.0	1.0
ptg000051l	25101	25102	2.0	3.0	0.0	1.0
ptg000051l	25201	25202	0.0	1.0	0.0	0.0
ptg000051l	25301	25302	0.0	0.0	0.0	0.0
ptg000051l	25401	25402	0.0	0.0	0.0	0.0
ptg000051l	25501	25502	7.0	3.0	6.0	3.0
ptg000051l	25601	25602	1.0	0.0	1.0	0.0
ptg000051l	25701	25702	9.0	10.0	14.0	9.0
ptg000051l	25801	25802	4.0	9.0	9.0	8.0
ptg000051l	25901	25902	8.0	7.0	7.0	7.0
ptg000051l	26001	26002	7.0	7.0	7.0	8.0
ptg000051l	26101	26102	0.0	0.0	0.0	0.0
ptg000051l	26201	26202	0.0	0.0	0.0	0.0
ptg000051l	26301	26302	2.0	2.0	3.0	5.0
ptg000051l	26401	26402	2.0	2.0	3.0	5.0
ptg000051l	26501	26502	0.0	0.0	0.0	0.0
ptg000051l	26601	26602	0.0	0.0	0.0	0.0
ptg000051l	26701	26702	5.0	7.0	4.0	9.0
ptg000051l	26801	26802	3.0	10.0	7.0	16.0
ptg000051l	26901	26902	0.0	2.0	2.0	4.0
ptg000051l	27001	27002	8.0	11.0	11.0	22.0
ptg000051l	27101	27102	6.0	9.0	6.0	13.0
ptg000051l	27201	27202	0.0	3.0	2.0	3.0
ptg000051l	27301	27302	3.0	1.0	3.0	1.0
ptg000051l	27401	27402	1.0	0.0	0.0	2.0
ptg000051l	27501	27502	8.0	5.0	3.0	6.0
ptg000051l	27601	27602	2.0	1.0	0.0	1.0
ptg000051l	27701	27702	0.0	1.0	0.0	1.0
ptg000051l	27801	27802	1.0	2.0	2.0	2.0
ptg000051l	27901	27902	4.0	5.0	6.0	5.0
ptg000051l	28001	28002	5.0	4.0	7.0	4.0
ptg000051l	28101	28102	7.0	8.0	15.0	8.0
ptg000051l	28201	28202	4.0	7.0	10.0	6.0
ptg000051l	28301	28302	0.0	2.0	2.0	1.0
ptg000051l	28401	28402	5.0	10.0	10.0	10.0
ptg000051l	28501	28502	5.0	5.0	5.0	2.0
ptg000051l	28601	28602	0.0	0.0	0.0	0.0
ptg000051l	28701	28702	2.0	7.0	1.0	2.0
ptg000051l	28801	28802	2.0	16.0	3.0	4.0
ptg000051l	28901	28902	1.0	5.0	4.0	3.0
ptg000051l	29001	29002	0.0	3.0	1.0	3.0
ptg000051l	29101	29102	0.0	3.0	0.0	2.0
ptg000051l	29201	29202	0.0	0.0	0.0	0.0
ptg000051l	29301	29302	0.0	0.0	0.0	0.0
ptg000051l	29401	29402	0.0	0.0	0.0	0.0
ptg000051l	29501	29502	0.0	0.0	0.0	0.0
ptg000051l	29601	29602	0.0	0.0	0.0	0.0
ptg000051l	29701	29702	0.0	0.0	0.0	0.0
ptg000051l	29801	29802	0.0	0.0	0.0	0.0
ptg000051l	29901	29902	0.0	0.0	0.0	0.0
ptg000051l	30001	30002	1.0	0.0	2.0	2.0
ptg000051l	30101	30102	3.0	1.0	8.0	8.0
ptg000051l	30201	30202	1.0	0.0	5.0	5.0
ptg000051l	30301	30302	4.0	1.0	2.0	3.0
ptg000051l	30401	30402	0.0	1.0	0.0	0.0
ptg000051l	30501	30502	0.0	0.0	0.0	0.0
ptg000051l	30601	30602	0.0	0.0	0.0	0.0
ptg000051l	30701	30702	0.0	0.0	0.0	0.0
ptg000051l	30801	30802	0.0	0.0	0.0	0.0
ptg000051l	30901	30902	0.0	0.0	0.0	0.0
ptg000051l	31001	31002	0.0	0.0	0.0	0.0
ptg000051l	31101	31102	0.0	0.0	0.0	0.0
ptg000051l	31201	31202	1.0	0.0	0.0	0.0
ptg000051l	31301	31302	1.0	0.0	0.0	2.0
ptg000051l	31401	31402	0.0	0.0	0.0	0.0
ptg000051l	31501	31502	0.0	0.0	0.0	0.0
ptg000051l	31601	31602	0.0	0.0	0.0	0.0
ptg000051l	31701	31702	0.0	0.0	0.0	0.0
ptg000051l	31801	31802	1.0	0.0	0.0	0.0
ptg000051l	31901	31902	0.0	0.0	0.0	2.0
ptg000051l	32001	32002	0.0	0.0	0.0	2.0
ptg000051l	32101	32102	0.0	0.0	0.0	0.0
ptg000051l	32201	32202	1.0	0.0	0.0	0.0
ptg000051l	32301	32302	0.0	0.0	0.0	0.0
ptg000051l	32401	32402	1.0	0.0	0.0	2.0
ptg000051l	32501	32502	4.0	2.0	3.0	4.0
ptg000051l	32601	32602	7.0	3.0	3.0	7.0
ptg000051l	32701	32702	4.0	1.0	0.0	1.0
ptg000051l	32801	32802	1.0	0.0	0.0	1.0
ptg000051l	32901	32902	0.0	0.0	0.0	1.0
ptg000051l	33001	33002	0.0	0.0	0.0	0.0
ptg000051l	33101	33102	0.0	0.0	0.0	0.0
ptg000051l	33201	33202	0.0	0.0	1.0	1.0
ptg000051l	33301	33302	0.0	0.0	1.0	0.0
ptg000051l	33401	33402	0.0	1.0	0.0	0.0
ptg000051l	33501	33502	1.0	1.0	1.0	0.0
ptg000051l	33601	33602	1.0	0.0	1.0	0.0
ptg000051l	33701	33702	0.0	0.0	0.0	0.0
ptg000051l	33801	33802	0.0	0.0	0.0	2.0
ptg000051l	33901	33902	1.0	0.0	1.0	2.0
ptg000051l	34001	34002	1.0	0.0	1.0	0.0
ptg000051l	34101	34102	0.0	0.0	1.0	1.0
ptg000051l	34201	34202	0.0	0.0	0.0	1.0
ptg000051l	34301	34302	1.0	0.0	0.0	1.0
ptg000051l	34401	34402	4.0	1.0	1.0	1.0
ptg000051l	34501	34502	3.0	1.0	1.0	3.0
ptg000051l	34601	34602	3.0	2.0	2.0	5.0
ptg000051l	34701	34702	8.0	4.0	3.0	2.0
ptg000051l	34801	34802	4.0	4.0	3.0	2.0
ptg000051l	34901	34902	3.0	2.0	1.0	2.0
ptg000051l	35001	35002	7.0	3.0	1.0	1.0
ptg000051l	35101	35102	5.0	2.0	1.0	2.0
ptg000051l	35201	35202	0.0	0.0	0.0	0.0
ptg000051l	35301	35302	4.0	1.0	6.0	3.0
ptg000051l	35401	35402	1.0	3.0	5.0	3.0
ptg000051l	35501	35502	2.0	0.0	0.0	1.0
ptg000051l	35601	35602	5.0	0.0	3.0	0.0
ptg000051l	35701	35702	1.0	0.0	4.0	1.0
ptg000051l	35801	35802	0.0	2.0	0.0	0.0
ptg000051l	35901	35902	5.0	4.0	8.0	6.0
ptg000051l	36001	36002	7.0	2.0	7.0	1.0
ptg000051l	36101	36102	5.0	1.0	2.0	1.0
ptg000051l	36201	36202	2.0	2.0	1.0	2.0
ptg000051l	36301	36302	1.0	1.0	2.0	1.0
ptg000051l	36401	36402	0.0	0.0	0.0	0.0
ptg000051l	36501	36502	0.0	0.0	0.0	0.0
ptg000051l	36601	36602	0.0	0.0	0.0	0.0
ptg000051l	36701	36702	2.0	0.0	1.0	1.0
ptg000051l	36801	36802	6.0	3.0	4.0	4.0
ptg000051l	36901	36902	0.0	0.0	0.0	1.0
ptg000051l	37001	37002	3.0	3.0	2.0	1.0
ptg000051l	37101	37102	3.0	2.0	2.0	2.0
ptg000051l	37201	37202	0.0	0.0	0.0	0.0
ptg000051l	37301	37302	4.0	6.0	2.0	5.0
ptg000051l	37401	37402	7.0	4.0	3.0	4.0
ptg000051l	37501	37502	0.0	0.0	0.0	0.0
ptg000051l	37601	37602	0.0	0.0	0.0	0.0
ptg000051l	37701	37702	0.0	0.0	0.0	0.0
ptg000051l	37801	37802	0.0	0.0	0.0	0.0
ptg000051l	37901	37902	0.0	0.0	0.0	0.0
ptg000051l	38001	38002	0.0	0.0	0.0	0.0
ptg000051l	38101	38102	0.0	0.0	0.0	0.0
ptg000051l	38201	38202	1.0	0.0	0.0	0.0
ptg000051l	38301	38302	1.0	0.0	0.0	0.0
ptg000051l	38401	38402	0.0	0.0	0.0	0.0
ptg000051l	38501	38502	0.0	0.0	0.0	1.0
ptg000051l	38601	38602	0.0	0.0	0.0	0.0
ptg000051l	38701	38702	0.0	0.0	0.0	0.0
ptg000051l	38801	38802	0.0	0.0	0.0	0.0
ptg000051l	38901	38902	0.0	0.0	0.0	0.0
ptg000051l	39001	39002	2.0	0.0	1.0	2.0
ptg000051l	39101	39102	2.0	2.0	3.0	5.0
ptg000051l	39201	39202	4.0	5.0	4.0	0.0
ptg000051l	39301	39302	3.0	2.0	3.0	1.0
ptg000051l	39401	39402	1.0	0.0	3.0	0.0
ptg000051l	39501	39502	2.0	6.0	2.0	4.0
ptg000051l	39601	39602	3.0	3.0	3.0	6.0
ptg000051l	39701	39702	1.0	0.0	0.0	0.0
ptg000051l	39801	39802	0.0	0.0	0.0	0.0
ptg000051l	39901	39902	0.0	0.0	1.0	0.0
ptg000051l	40001	40002	2.0	1.0	2.0	0.0
ptg000051l	40101	40102	0.0	0.0	0.0	0.0
ptg000051l	40201	40202	0.0	0.0	1.0	1.0
ptg000051l	40301	40302	5.0	4.0	2.0	3.0
ptg000051l	40401	40402	2.0	1.0	0.0	1.0
ptg000051l	40501	40502	0.0	0.0	0.0	0.0
ptg000051l	40601	40602	3.0	3.0	2.0	1.0
ptg000051l	40701	40702	0.0	3.0	2.0	3.0
ptg000051l	40801	40802	0.0	3.0	2.0	1.0
ptg000051l	40901	40902	0.0	0.0	1.0	1.0
ptg000051l	41001	41002	0.0	1.0	3.0	2.0
ptg000051l	41101	41102	1.0	0.0	2.0	4.0
ptg000051l	41201	41202	0.0	1.0	2.0	0.0
ptg000051l	41301	41302	3.0	9.0	6.0	4.0
ptg000051l	41401	41402	4.0	9.0	8.0	3.0
ptg000051l	41501	41502	3.0	5.0	4.0	6.0
ptg000051l	41601	41602	3.0	3.0	0.0	4.0
ptg000051l	41701	41702	0.0	2.0	6.0	2.0
ptg000051l	41801	41802	0.0	2.0	8.0	5.0
ptg000051l	41901	41902	2.0	2.0	6.0	5.0
ptg000051l	42001	42002	0.0	1.0	1.0	1.0
ptg000051l	42101	42102	0.0	0.0	2.0	1.0
ptg000051l	42201	42202	4.0	2.0	7.0	3.0
ptg000051l	42301	42302	7.0	0.0	5.0	7.0
ptg000051l	42401	42402	0.0	0.0	0.0	1.0
ptg000051l	42501	42502	1.0	1.0	1.0	3.0
ptg000051l	42601	42602	1.0	0.0	0.0	1.0
ptg000051l	42701	42702	0.0	0.0	0.0	0.0
ptg000051l	42801	42802	0.0	0.0	0.0	0.0
ptg000051l	42901	42902	5.0	2.0	2.0	4.0
ptg000051l	43001	43002	2.0	0.0	2.0	0.0
ptg000051l	43101	43102	0.0	0.0	2.0	0.0
ptg000051l	43201	43202	0.0	1.0	4.0	0.0
ptg000051l	43301	43302	0.0	3.0	8.0	3.0
ptg000051l	43401	43402	2.0	4.0	2.0	4.0
ptg000051l	43501	43502	2.0	6.0	3.0	5.0
ptg000051l	43601	43602	0.0	2.0	1.0	2.0
ptg000051l	43701	43702	0.0	2.0	0.0	1.0
ptg000051l	43801	43802	0.0	4.0	1.0	1.0
ptg000051l	43901	43902	0.0	2.0	0.0	1.0
ptg000051l	44001	44002	0.0	2.0	2.0	3.0
ptg000051l	44101	44102	1.0	2.0	4.0	1.0
ptg000051l	44201	44202	1.0	2.0	5.0	3.0
ptg000051l	44301	44302	1.0	2.0	3.0	2.0
ptg000051l	44401	44402	0.0	0.0	0.0	0.0
ptg000051l	44501	44502	0.0	0.0	0.0	0.0
ptg000051l	44601	44602	1.0	1.0	1.0	2.0
ptg000051l	44701	44702	0.0	1.0	6.0	4.0
ptg000051l	44801	44802	1.0	5.0	5.0	1.0
ptg000051l	44901	44902	2.0	3.0	3.0	6.0
ptg000051l	45001	45002	1.0	2.0	0.0	6.0
ptg000051l	45101	45102	0.0	0.0	0.0	0.0
ptg000051l	45201	45202	5.0	4.0	5.0	7.0
ptg000051l	45301	45302	10.0	6.0	7.0	6.0
ptg000051l	45401	45402	4.0	2.0	2.0	3.0
ptg000051l	45501	45502	4.0	9.0	8.0	10.0
ptg000051l	45601	45602	11.0	22.0	15.0	16.0
ptg000051l	45701	45702	1.0	1.0	0.0	0.0
ptg000051l	45801	45802	0.0	0.0	0.0	1.0
ptg000051l	45901	45902	16.0	12.0	22.0	16.0
ptg000051l	46001	46002	14.0	9.0	13.0	12.0
ptg000051l	46101	46102	2.0	1.0	2.0	0.0
ptg000051l	46201	46202	15.0	17.0	16.0	17.0
ptg000051l	46301	46302	17.0	18.0	27.0	31.0
ptg000051l	46401	46402	2.0	2.0	3.0	12.0
ptg000051l	46501	46502	13.0	9.0	16.0	13.0
ptg000051l	46601	46602	12.0	8.0	14.0	10.0
ptg000051l	46701	46702	4.0	1.0	2.0	3.0
ptg000051l	46801	46802	5.0	5.0	5.0	13.0
ptg000051l	46901	46902	0.0	0.0	0.0	0.0
ptg000051l	47001	47002	31.0	17.0	30.0	23.0
ptg000051l	47101	47102	37.0	25.0	59.0	36.0
ptg000051l	47201	47202	51.0	28.0	58.0	28.0
ptg000051l	47301	47302	59.0	30.0	53.0	21.0
ptg000051l	47401	47402	41.0	30.0	56.0	22.0
ptg000051l	47501	47502	54.0	39.0	53.0	32.0
ptg000051l	47601	47602	49.0	46.0	45.0	33.0
ptg000051l	47701	47702	30.0	20.0	43.0	26.0
ptg000051l	47801	47802	35.0	37.0	55.0	32.0
ptg000051l	47901	47902	41.0	43.0	46.0	37.0
ptg000051l	48001	48002	28.0	23.0	43.0	23.0
ptg000051l	48101	48102	23.0	13.0	27.0	16.0
ptg000051l	48201	48202	27.0	23.0	32.0	29.0
ptg000051l	48301	48302	21.0	21.0	32.0	25.0
ptg000051l	48401	48402	24.0	12.0	27.0	15.0
ptg000051l	48501	48502	15.0	6.0	23.0	16.0
ptg000051l	48601	48602	15.0	12.0	35.0	24.0
ptg000051l	48701	48702	31.0	23.0	37.0	26.0
ptg000051l	48801	48802	19.0	17.0	35.0	20.0
ptg000051l	48901	48902	30.0	25.0	47.0	19.0
ptg000051l	49001	49002	30.0	22.0	39.0	17.0
ptg000051l	49101	49102	12.0	15.0	10.0	9.0
ptg000051l	49201	49202	13.0	15.0	17.0	10.0
ptg000051l	49301	49302	18.0	10.0	17.0	9.0
ptg000051l	49401	49402	16.0	7.0	18.0	10.0
ptg000051l	49501	49502	0.0	0.0	0.0	0.0
ptg000051l	49601	49602	3.0	3.0	5.0	4.0
ptg000051l	49701	49702	1.0	2.0	1.0	2.0
ptg000051l	49801	49802	0.0	0.0	0.0	0.0
ptg000051l	49901	49902	3.0	5.0	6.0	3.0
ptg000051l	50001	50002	3.0	10.0	3.0	1.0
ptg000051l	50101	50102	3.0	8.0	6.0	4.0
ptg000051l	50201	50202	3.0	1.0	8.0	7.0
ptg000051l	50301	50302	5.0	3.0	11.0	10.0
ptg000051l	50401	50402	6.0	2.0	6.0	10.0
ptg000051l	50501	50502	1.0	0.0	0.0	6.0
ptg000051l	50601	50602	1.0	3.0	2.0	1.0
ptg000051l	50701	50702	4.0	5.0	6.0	5.0
ptg000051l	50801	50802	4.0	4.0	5.0	9.0
ptg000051l	50901	50902	6.0	8.0	9.0	7.0
ptg000051l	51001	51002	1.0	1.0	4.0	6.0
ptg000051l	51101	51102	4.0	6.0	7.0	3.0
ptg000051l	51201	51202	3.0	5.0	7.0	3.0
ptg000051l	51301	51302	0.0	1.0	1.0	0.0
ptg000051l	51401	51402	2.0	3.0	4.0	3.0
ptg000051l	51501	51502	1.0	2.0	3.0	3.0
ptg000051l	51601	51602	0.0	0.0	0.0	0.0
ptg000051l	51701	51702	1.0	3.0	4.0	1.0
ptg000051l	51801	51802	5.0	5.0	6.0	3.0
ptg000051l	51901	51902	8.0	3.0	10.0	2.0
ptg000051l	52001	52002	7.0	5.0	14.0	6.0
ptg000051l	52101	52102	10.0	8.0	8.0	3.0
ptg000051l	52201	52202	6.0	7.0	6.0	3.0
ptg000051l	52301	52302	6.0	4.0	5.0	3.0
ptg000051l	52401	52402	6.0	2.0	6.0	2.0
ptg000051l	52501	52502	5.0	5.0	7.0	1.0
ptg000051l	52601	52602	8.0	5.0	4.0	3.0
ptg000051l	52701	52702	7.0	2.0	2.0	0.0
ptg000051l	52801	52802	2.0	1.0	0.0	0.0
ptg000051l	52901	52902	0.0	0.0	0.0	0.0
ptg000051l	53001	53002	0.0	0.0	1.0	0.0
ptg000051l	53101	53102	0.0	0.0	0.0	0.0
ptg000051l	53201	53202	0.0	0.0	0.0	0.0
ptg000051l	53301	53302	0.0	0.0	1.0	0.0
ptg000051l	53401	53402	0.0	1.0	2.0	0.0
ptg000051l	53501	53502	3.0	2.0	5.0	2.0
ptg000051l	53601	53602	1.0	2.0	4.0	0.0
ptg000051l	53701	53702	0.0	0.0	1.0	0.0
ptg000051l	53801	53802	1.0	1.0	1.0	0.0
ptg000051l	53901	53902	1.0	1.0	2.0	0.0
ptg000051l	54001	54002	3.0	2.0	1.0	2.0
ptg000051l	54101	54102	2.0	2.0	3.0	2.0
ptg000051l	54201	54202	1.0	1.0	6.0	2.0
ptg000051l	54301	54302	2.0	2.0	3.0	5.0
ptg000051l	54401	54402	2.0	6.0	5.0	0.0
ptg000051l	54501	54502	7.0	5.0	4.0	2.0
ptg000051l	54601	54602	3.0	3.0	2.0	1.0
ptg000051l	54701	54702	0.0	0.0	1.0	0.0
ptg000051l	54801	54802	1.0	2.0	2.0	0.0
ptg000051l	54901	54902	1.0	2.0	2.0	0.0
ptg000051l	55001	55002	3.0	2.0	1.0	0.0
ptg000051l	55101	55102	1.0	1.0	2.0	0.0
ptg000051l	55201	55202	1.0	4.0	4.0	1.0
ptg000051l	55301	55302	0.0	2.0	1.0	2.0
ptg000051l	55401	55402	0.0	2.0	0.0	1.0
ptg000051l	55501	55502	2.0	2.0	0.0	1.0
ptg000051l	55601	55602	1.0	0.0	2.0	0.0
ptg000051l	55701	55702	2.0	2.0	1.0	0.0
ptg000051l	55801	55802	2.0	4.0	2.0	3.0
ptg000051l	55901	55902	0.0	0.0	0.0	3.0
ptg000051l	56001	56002	2.0	0.0	2.0	4.0
ptg000051l	56101	56102	0.0	0.0	2.0	1.0
ptg000051l	56201	56202	3.0	0.0	2.0	1.0
ptg000051l	56301	56302	0.0	2.0	4.0	1.0
ptg000051l	56401	56402	8.0	8.0	11.0	7.0
ptg000051l	56501	56502	8.0	7.0	13.0	10.0
ptg000051l	56601	56602	3.0	6.0	13.0	4.0
ptg000051l	56701	56702	9.0	5.0	9.0	4.0
ptg000051l	56801	56802	9.0	3.0	7.0	7.0
ptg000051l	56901	56902	4.0	10.0	7.0	10.0
ptg000051l	57001	57002	7.0	10.0	7.0	10.0
ptg000051l	57101	57102	8.0	12.0	13.0	10.0
ptg000051l	57201	57202	7.0	8.0	13.0	8.0
ptg000051l	57301	57302	10.0	6.0	11.0	5.0
ptg000051l	57401	57402	7.0	12.0	7.0	9.0
ptg000051l	57501	57502	12.0	5.0	5.0	12.0
ptg000051l	57601	57602	13.0	8.0	4.0	9.0
ptg000051l	57701	57702	13.0	8.0	9.0	7.0
ptg000051l	57801	57802	9.0	7.0	10.0	4.0
ptg000051l	57901	57902	10.0	11.0	23.0	6.0
ptg000051l	58001	58002	11.0	15.0	21.0	8.0
ptg000051l	58101	58102	6.0	7.0	15.0	7.0
ptg000051l	58201	58202	4.0	5.0	9.0	6.0
ptg000051l	58301	58302	4.0	8.0	10.0	5.0
ptg000051l	58401	58402	1.0	0.0	0.0	1.0
ptg000051l	58501	58502	2.0	4.0	7.0	4.0
ptg000051l	58601	58602	12.0	6.0	14.0	9.0
ptg000051l	58701	58702	16.0	6.0	25.0	7.0
ptg000051l	58801	58802	9.0	11.0	14.0	12.0
ptg000051l	58901	58902	17.0	13.0	14.0	7.0
ptg000051l	59001	59002	17.0	6.0	12.0	10.0
ptg000051l	59101	59102	10.0	12.0	9.0	10.0
ptg000051l	59201	59202	16.0	11.0	12.0	9.0
ptg000051l	59301	59302	14.0	9.0	5.0	6.0
ptg000051l	59401	59402	8.0	5.0	9.0	9.0
ptg000051l	59501	59502	8.0	5.0	13.0	4.0
ptg000051l	59601	59602	7.0	7.0	12.0	4.0
ptg000051l	59701	59702	9.0	8.0	8.0	4.0
ptg000051l	59801	59802	11.0	10.0	13.0	9.0
ptg000051l	59901	59902	9.0	11.0	5.0	12.0
ptg000051l	60001	60002	4.0	5.0	7.0	5.0
ptg000051l	60101	60102	10.0	9.0	10.0	6.0
ptg000051l	60201	60202	12.0	7.0	12.0	10.0
ptg000051l	60301	60302	17.0	11.0	13.0	8.0
ptg000051l	60401	60402	10.0	12.0	15.0	7.0
ptg000051l	60501	60502	7.0	7.0	16.0	4.0
ptg000051l	60601	60602	7.0	1.0	8.0	4.0
ptg000051l	60701	60702	2.0	1.0	5.0	2.0
ptg000051l	60801	60802	0.0	0.0	0.0	0.0
ptg000051l	60901	60902	0.0	0.0	0.0	0.0
ptg000051l	61001	61002	0.0	0.0	0.0	0.0
ptg000051l	61101	61102	0.0	0.0	0.0	0.0
ptg000051l	61201	61202	0.0	0.0	1.0	0.0
ptg000051l	61301	61302	0.0	0.0	1.0	1.0
ptg000051l	61401	61402	0.0	0.0	0.0	0.0
ptg000051l	61501	61502	3.0	1.0	2.0	1.0
ptg000051l	61601	61602	2.0	1.0	1.0	5.0
ptg000051l	61701	61702	2.0	0.0	0.0	1.0
ptg000051l	61801	61802	2.0	0.0	0.0	3.0
ptg000051l	61901	61902	3.0	0.0	2.0	6.0
ptg000051l	62001	62002	0.0	0.0	0.0	2.0
ptg000051l	62101	62102	0.0	0.0	0.0	0.0
ptg000051l	62201	62202	0.0	0.0	0.0	0.0
ptg000051l	62301	62302	0.0	0.0	0.0	0.0
ptg000051l	62401	62402	0.0	0.0	0.0	0.0
ptg000051l	62501	62502	0.0	0.0	0.0	0.0
ptg000051l	62601	62602	0.0	0.0	0.0	0.0
ptg000051l	62701	62702	6.0	2.0	3.0	3.0
ptg000051l	62801	62802	20.0	6.0	6.0	15.0
ptg000051l	62901	62902	21.0	7.0	10.0	21.0
ptg000051l	63001	63002	2.0	1.0	1.0	2.0
ptg000051l	63101	63102	16.0	10.0	8.0	26.0
ptg000051l	63201	63202	19.0	15.0	10.0	33.0
ptg000051l	63301	63302	0.0	0.0	0.0	0.0
ptg000051l	63401	63402	0.0	0.0	0.0	0.0
ptg000051l	63501	63502	0.0	0.0	1.0	6.0
ptg000051l	63601	63602	0.0	0.0	0.0	0.0
ptg000051l	63701	63702	4.0	7.0	5.0	4.0
ptg000051l	63801	63802	31.0	15.0	26.0	19.0
ptg000051l	63901	63902	63.0	37.0	64.0	64.0
ptg000051l	64001	64002	64.0	33.0	56.0	62.0
ptg000051l	64101	64102	24.0	13.0	18.0	22.0
ptg000051l	64201	64202	0.0	0.0	0.0	0.0
ptg000051l	64301	64302	0.0	0.0	0.0	0.0
ptg000051l	64401	64402	0.0	0.0	0.0	0.0
ptg000051l	64501	64502	0.0	0.0	0.0	0.0
ptg000051l	64601	64602	0.0	0.0	0.0	0.0
ptg000051l	64701	64702	0.0	0.0	0.0	0.0
ptg000051l	64801	64802	0.0	0.0	0.0	0.0
ptg000051l	64901	64902	0.0	0.0	0.0	0.0
ptg000051l	65001	65002	0.0	0.0	0.0	0.0
ptg000051l	65101	65102	1.0	1.0	0.0	1.0
ptg000051l	65201	65202	2.0	1.0	1.0	0.0
ptg000051l	65301	65302	0.0	0.0	0.0	0.0
ptg000051l	65401	65402	0.0	0.0	0.0	0.0
ptg000051l	65501	65502	0.0	0.0	0.0	0.0
ptg000051l	65601	65602	0.0	0.0	0.0	0.0
ptg000051l	65701	65702	0.0	0.0	0.0	0.0
ptg000051l	65801	65802	1.0	0.0	0.0	0.0
ptg000051l	65901	65902	0.0	0.0	0.0	0.0
ptg000051l	66001	66002	2.0	2.0	5.0	2.0
ptg000051l	66101	66102	2.0	2.0	3.0	4.0
ptg000051l	66201	66202	2.0	0.0	2.0	4.0
ptg000051l	66301	66302	0.0	2.0	1.0	1.0
ptg000051l	66401	66402	0.0	0.0	0.0	0.0
ptg000051l	66501	66502	3.0	2.0	2.0	2.0
ptg000051l	66601	66602	3.0	0.0	0.0	0.0
ptg000051l	66701	66702	1.0	0.0	0.0	0.0
ptg000051l	66801	66802	0.0	0.0	0.0	0.0
ptg000051l	66901	66902	2.0	0.0	0.0	0.0
ptg000051l	67001	67002	0.0	0.0	0.0	0.0
ptg000051l	67101	67102	2.0	0.0	1.0	0.0
ptg000051l	67201	67202	4.0	1.0	2.0	3.0
ptg000051l	67301	67302	0.0	0.0	0.0	0.0
ptg000051l	67401	67402	2.0	4.0	6.0	4.0
ptg000051l	67501	67502	38.0	45.0	26.0	55.0
ptg000051l	67601	67602	51.0	61.0	52.0	86.0
ptg000051l	67701	67702	16.0	28.0	27.0	31.0
ptg000051l	67801	67802	11.0	16.0	24.0	17.0
ptg000051l	67901	67902	36.0	57.0	52.0	51.0
ptg000051l	68001	68002	11.0	20.0	11.0	11.0
ptg000051l	68101	68102	48.0	41.0	29.0	69.0
ptg000051l	68201	68202	54.0	55.0	50.0	79.0
ptg000051l	68301	68302	7.0	10.0	15.0	16.0
ptg000051l	68401	68402	48.0	44.0	49.0	58.0
ptg000051l	68501	68502	32.0	36.0	27.0	32.0
ptg000051l	68601	68602	2.0	3.0	1.0	3.0
ptg000051l	68701	68702	16.0	19.0	13.0	18.0
ptg000051l	68801	68802	30.0	38.0	17.0	31.0
ptg000051l	68901	68902	6.0	8.0	1.0	2.0
ptg000051l	69001	69002	0.0	0.0	0.0	0.0
ptg000051l	69101	69102	0.0	0.0	0.0	0.0
ptg000051l	69201	69202	6.0	17.0	9.0	20.0
ptg000051l	69301	69302	4.0	9.0	6.0	5.0
ptg000051l	69401	69402	2.0	6.0	4.0	4.0
ptg000051l	69501	69502	1.0	1.0	0.0	2.0
ptg000051l	69601	69602	1.0	1.0	0.0	1.0
ptg000051l	69701	69702	2.0	6.0	1.0	4.0
ptg000051l	69801	69802	6.0	3.0	1.0	3.0
ptg000051l	69901	69902	5.0	0.0	0.0	3.0
ptg000051l	70001	70002	0.0	0.0	0.0	0.0
ptg000051l	70101	70102	3.0	2.0	1.0	2.0
ptg000051l	70201	70202	4.0	2.0	0.0	3.0
ptg000051l	70301	70302	1.0	2.0	0.0	0.0
ptg000051l	70401	70402	1.0	2.0	0.0	0.0
ptg000051l	70501	70502	1.0	3.0	0.0	0.0
ptg000051l	70601	70602	2.0	5.0	0.0	0.0
ptg000051l	70701	70702	3.0	3.0	0.0	0.0
ptg000051l	70801	70802	0.0	0.0	0.0	0.0
ptg000051l	70901	70902	1.0	2.0	0.0	2.0
ptg000051l	71001	71002	1.0	2.0	0.0	0.0
ptg000051l	71101	71102	3.0	1.0	1.0	0.0
ptg000051l	71201	71202	5.0	4.0	2.0	2.0
ptg000051l	71301	71302	1.0	1.0	2.0	2.0
ptg000051l	71401	71402	2.0	1.0	1.0	2.0
ptg000051l	71501	71502	3.0	0.0	0.0	1.0
ptg000051l	71601	71602	0.0	0.0	0.0	0.0
ptg000051l	71701	71702	1.0	0.0	2.0	3.0
ptg000051l	71801	71802	1.0	1.0	1.0	2.0
ptg000051l	71901	71902	1.0	2.0	0.0	2.0
ptg000051l	72001	72002	0.0	1.0	2.0	1.0
ptg000051l	72101	72102	1.0	1.0	2.0	1.0
ptg000051l	72201	72202	2.0	1.0	1.0	1.0
ptg000051l	72301	72302	1.0	4.0	1.0	4.0
ptg000051l	72401	72402	1.0	4.0	0.0	4.0
ptg000051l	72501	72502	0.0	0.0	0.0	1.0
ptg000051l	72601	72602	3.0	1.0	0.0	3.0
ptg000051l	72701	72702	5.0	2.0	3.0	6.0
ptg000051l	72801	72802	5.0	6.0	4.0	3.0
ptg000051l	72901	72902	2.0	4.0	3.0	3.0
ptg000051l	73001	73002	5.0	2.0	3.0	1.0
ptg000051l	73101	73102	4.0	0.0	1.0	0.0
ptg000051l	73201	73202	1.0	1.0	2.0	0.0
ptg000051l	73301	73302	0.0	0.0	0.0	0.0
ptg000051l	73401	73402	1.0	2.0	0.0	2.0
ptg000051l	73501	73502	0.0	1.0	0.0	1.0
ptg000051l	73601	73602	0.0	0.0	0.0	0.0
ptg000051l	73701	73702	0.0	0.0	0.0	0.0
ptg000051l	73801	73802	0.0	0.0	0.0	0.0
ptg000051l	73901	73902	0.0	0.0	0.0	0.0
ptg000051l	74001	74002	0.0	0.0	0.0	0.0
ptg000051l	74101	74102	0.0	0.0	0.0	0.0
ptg000051l	74201	74202	1.0	0.0	0.0	0.0
ptg000051l	74301	74302	3.0	0.0	0.0	0.0
ptg000051l	74401	74402	0.0	0.0	0.0	0.0
ptg000051l	74501	74502	0.0	0.0	0.0	0.0
ptg000051l	74601	74602	0.0	0.0	0.0	0.0
ptg000051l	74701	74702	0.0	0.0	0.0	0.0
ptg000051l	74801	74802	0.0	0.0	0.0	0.0
ptg000051l	74901	74902	0.0	0.0	0.0	0.0
ptg000051l	75001	75002	0.0	0.0	0.0	0.0
ptg000051l	75101	75102	0.0	0.0	0.0	0.0
ptg000051l	75201	75202	0.0	0.0	0.0	0.0
ptg000051l	75301	75302	0.0	0.0	0.0	0.0
ptg000051l	75401	75402	0.0	0.0	0.0	0.0
ptg000051l	75501	75502	0.0	0.0	0.0	0.0
ptg000051l	75601	75602	1.0	0.0	0.0	0.0
ptg000051l	75701	75702	0.0	0.0	1.0	0.0
ptg000051l	75801	75802	0.0	2.0	1.0	0.0
ptg000051l	75901	75902	8.0	5.0	4.0	9.0
ptg000051l	76001	76002	9.0	7.0	3.0	5.0
ptg000051l	76101	76102	15.0	16.0	7.0	10.0
ptg000051l	76201	76202	1.0	4.0	2.0	2.0
ptg000051l	76301	76302	0.0	0.0	0.0	0.0
ptg000051l	76401	76402	1.0	0.0	0.0	0.0
ptg000051l	76501	76502	1.0	0.0	0.0	0.0
ptg000051l	76601	76602	0.0	0.0	0.0	1.0
ptg000051l	76701	76702	0.0	1.0	0.0	1.0
ptg000051l	76801	76802	0.0	0.0	0.0	0.0
ptg000051l	76901	76902	0.0	0.0	0.0	0.0
ptg000051l	77001	77002	1.0	0.0	1.0	0.0
ptg000051l	77101	77102	1.0	0.0	0.0	1.0
ptg000051l	77201	77202	2.0	0.0	0.0	0.0
ptg000051l	77301	77302	2.0	1.0	0.0	0.0
ptg000051l	77401	77402	0.0	1.0	2.0	0.0
ptg000051l	77501	77502	0.0	0.0	2.0	0.0
ptg000051l	77601	77602	0.0	0.0	0.0	0.0
ptg000051l	77701	77702	1.0	1.0	2.0	0.0
ptg000051l	77801	77802	1.0	0.0	2.0	0.0
ptg000051l	77901	77902	1.0	0.0	0.0	0.0
ptg000051l	78001	78002	0.0	0.0	0.0	0.0
ptg000051l	78101	78102	0.0	0.0	0.0	0.0
ptg000051l	78201	78202	0.0	0.0	0.0	0.0
ptg000051l	78301	78302	0.0	0.0	0.0	0.0
ptg000051l	78401	78402	1.0	0.0	0.0	0.0
ptg000051l	78501	78502	0.0	0.0	0.0	0.0
ptg000051l	78601	78602	0.0	0.0	0.0	0.0
ptg000051l	78701	78702	0.0	0.0	0.0	0.0
ptg000051l	78801	78802	0.0	0.0	0.0	0.0
ptg000051l	78901	78902	5.0	2.0	0.0	0.0
ptg000051l	79001	79002	0.0	0.0	0.0	0.0
ptg000051l	79101	79102	0.0	0.0	0.0	0.0
ptg000051l	79201	79202	0.0	1.0	0.0	0.0
ptg000051l	79301	79302	0.0	0.0	0.0	0.0
ptg000051l	79401	79402	0.0	0.0	0.0	0.0
ptg000051l	79501	79502	0.0	0.0	0.0	0.0
ptg000051l	79601	79602	0.0	0.0	0.0	0.0
ptg000051l	79701	79702	0.0	0.0	0.0	0.0
ptg000051l	79801	79802	0.0	0.0	0.0	0.0
ptg000051l	79901	79902	0.0	0.0	0.0	0.0
ptg000051l	80001	80002	0.0	0.0	0.0	0.0
ptg000051l	80101	80102	0.0	0.0	0.0	0.0
ptg000051l	80201	80202	0.0	0.0	0.0	0.0
ptg000051l	80301	80302	0.0	0.0	0.0	0.0
ptg000051l	80401	80402	0.0	0.0	0.0	0.0
ptg000051l	80501	80502	0.0	0.0	0.0	0.0
ptg000051l	80601	80602	1.0	2.0	1.0	0.0
ptg000051l	80701	80702	2.0	6.0	1.0	1.0
ptg000051l	80801	80802	0.0	4.0	0.0	0.0
ptg000051l	80901	80902	0.0	0.0	0.0	0.0
ptg000051l	81001	81002	2.0	1.0	1.0	1.0
ptg000051l	81101	81102	5.0	3.0	3.0	2.0
ptg000051l	81201	81202	0.0	0.0	0.0	0.0
ptg000051l	81301	81302	0.0	0.0	0.0	0.0
ptg000051l	81401	81402	0.0	0.0	0.0	0.0
ptg000051l	81501	81502	0.0	0.0	0.0	0.0
ptg000051l	81601	81602	0.0	0.0	0.0	0.0
ptg000051l	81701	81702	0.0	0.0	0.0	0.0
ptg000051l	81801	81802	0.0	0.0	0.0	0.0
ptg000051l	81901	81902	4.0	0.0	1.0	1.0
ptg000051l	82001	82002	0.0	0.0	0.0	0.0
ptg000051l	82101	82102	0.0	0.0	0.0	0.0
ptg000051l	82201	82202	0.0	0.0	0.0	1.0
ptg000051l	82301	82302	0.0	0.0	0.0	0.0
ptg000051l	82401	82402	0.0	0.0	0.0	0.0
ptg000051l	82501	82502	0.0	0.0	0.0	0.0
ptg000051l	82601	82602	0.0	1.0	0.0	0.0
ptg000051l	82701	82702	0.0	1.0	0.0	0.0
ptg000051l	82801	82802	0.0	0.0	0.0	0.0
ptg000051l	82901	82902	0.0	0.0	0.0	0.0
ptg000051l	83001	83002	0.0	0.0	0.0	0.0
ptg000051l	83101	83102	0.0	0.0	0.0	0.0
ptg000051l	83201	83202	0.0	0.0	0.0	0.0
ptg000051l	83301	83302	0.0	0.0	0.0	0.0
ptg000051l	83401	83402	0.0	0.0	0.0	0.0
ptg000051l	83501	83502	0.0	1.0	1.0	1.0
ptg000051l	83601	83602	0.0	1.0	0.0	0.0
ptg000051l	83701	83702	7.0	8.0	7.0	6.0
ptg000051l	83801	83802	3.0	3.0	2.0	4.0
ptg000051l	83901	83902	3.0	3.0	3.0	4.0
ptg000051l	84001	84002	0.0	2.0	0.0	0.0
ptg000051l	84101	84102	16.0	25.0	19.0	20.0
ptg000051l	84201	84202	26.0	34.0	35.0	40.0
ptg000051l	84301	84302	3.0	0.0	3.0	0.0
ptg000051l	84401	84402	5.0	6.0	6.0	5.0
ptg000051l	84501	84502	35.0	34.0	42.0	27.0
ptg000051l	84601	84602	66.0	97.0	106.0	65.0
ptg000051l	84701	84702	10.0	11.0	11.0	16.0
ptg000051l	84801	84802	0.0	2.0	1.0	0.0
ptg000051l	84901	84902	6.0	3.0	4.0	3.0
ptg000051l	85001	85002	4.0	3.0	0.0	2.0
ptg000051l	85101	85102	2.0	1.0	0.0	2.0
ptg000051l	85201	85202	0.0	0.0	0.0	0.0
ptg000051l	85301	85302	0.0	0.0	0.0	0.0
ptg000051l	85401	85402	0.0	2.0	0.0	1.0
ptg000051l	85501	85502	0.0	0.0	0.0	1.0
ptg000051l	85601	85602	0.0	0.0	0.0	1.0
ptg000051l	85701	85702	6.0	6.0	7.0	5.0
ptg000051l	85801	85802	19.0	14.0	27.0	9.0
ptg000051l	85901	85902	0.0	0.0	0.0	0.0
ptg000051l	86001	86002	2.0	3.0	6.0	8.0
ptg000051l	86101	86102	2.0	7.0	11.0	10.0
ptg000051l	86201	86202	1.0	6.0	6.0	6.0
ptg000051l	86301	86302	1.0	3.0	1.0	2.0
ptg000051l	86401	86402	0.0	0.0	0.0	0.0
ptg000051l	86501	86502	1.0	0.0	1.0	1.0
ptg000051l	86601	86602	0.0	1.0	1.0	1.0
ptg000051l	86701	86702	1.0	2.0	3.0	6.0
ptg000051l	86801	86802	1.0	1.0	4.0	5.0
ptg000051l	86901	86902	0.0	0.0	1.0	1.0
ptg000051l	87001	87002	0.0	0.0	0.0	0.0
ptg000051l	87101	87102	0.0	0.0	0.0	0.0
ptg000051l	87201	87202	0.0	0.0	0.0	0.0
ptg000051l	87301	87302	0.0	0.0	0.0	0.0
ptg000051l	87401	87402	0.0	0.0	0.0	0.0
ptg000051l	87501	87502	0.0	0.0	1.0	0.0
ptg000051l	87601	87602	2.0	0.0	1.0	0.0
ptg000051l	87701	87702	0.0	0.0	0.0	0.0
ptg000051l	87801	87802	1.0	0.0	1.0	0.0
ptg000051l	87901	87902	1.0	0.0	3.0	0.0
ptg000051l	88001	88002	0.0	0.0	0.0	0.0
ptg000051l	88101	88102	0.0	0.0	0.0	0.0
ptg000051l	88201	88202	0.0	0.0	0.0	0.0
ptg000051l	88301	88302	0.0	0.0	0.0	0.0
ptg000051l	88401	88402	0.0	0.0	0.0	0.0
ptg000051l	88501	88502	1.0	2.0	6.0	6.0
ptg000051l	88601	88602	0.0	0.0	0.0	1.0
ptg000051l	88701	88702	0.0	0.0	0.0	0.0
ptg000051l	88801	88802	0.0	0.0	0.0	0.0
ptg000051l	88901	88902	0.0	0.0	0.0	0.0
ptg000051l	89001	89002	0.0	0.0	0.0	0.0
ptg000051l	89101	89102	0.0	1.0	0.0	0.0
ptg000051l	89201	89202	0.0	2.0	1.0	0.0
ptg000051l	89301	89302	1.0	3.0	2.0	1.0
ptg000051l	89401	89402	1.0	3.0	2.0	2.0
ptg000051l	89501	89502	0.0	0.0	0.0	0.0
ptg000051l	89601	89602	1.0	2.0	5.0	5.0
ptg000051l	89701	89702	5.0	4.0	10.0	13.0
ptg000051l	89801	89802	2.0	2.0	2.0	4.0
ptg000051l	89901	89902	1.0	0.0	1.0	0.0
ptg000051l	90001	90002	2.0	0.0	1.0	1.0
ptg000051l	90101	90102	4.0	5.0	2.0	2.0
ptg000051l	90201	90202	9.0	7.0	11.0	7.0
ptg000051l	90301	90302	9.0	5.0	9.0	2.0
ptg000051l	90401	90402	2.0	3.0	7.0	4.0
ptg000051l	90501	90502	14.0	10.0	10.0	7.0
ptg000051l	90601	90602	9.0	11.0	9.0	10.0
ptg000051l	90701	90702	0.0	0.0	0.0	1.0
ptg000051l	90801	90802	3.0	1.0	0.0	0.0
ptg000051l	90901	90902	0.0	0.0	0.0	0.0
ptg000051l	91001	91002	0.0	0.0	0.0	0.0
ptg000051l	91101	91102	0.0	0.0	0.0	0.0
ptg000051l	91201	91202	0.0	0.0	0.0	0.0
ptg000051l	91301	91302	0.0	0.0	0.0	0.0
ptg000051l	91401	91402	0.0	0.0	0.0	0.0
ptg000051l	91501	91502	0.0	0.0	0.0	0.0
ptg000051l	91601	91602	0.0	1.0	0.0	1.0
ptg000051l	91701	91702	1.0	0.0	0.0	0.0
ptg000051l	91801	91802	1.0	0.0	0.0	0.0
ptg000051l	91901	91902	0.0	0.0	0.0	0.0
ptg000051l	92001	92002	0.0	0.0	0.0	0.0
ptg000051l	92101	92102	0.0	0.0	0.0	2.0
ptg000051l	92201	92202	0.0	0.0	0.0	2.0
ptg000051l	92301	92302	0.0	0.0	0.0	0.0
ptg000051l	92401	92402	5.0	2.0	8.0	6.0
ptg000051l	92501	92502	6.0	2.0	12.0	9.0
ptg000051l	92601	92602	5.0	14.0	25.0	20.0
ptg000051l	92701	92702	5.0	7.0	15.0	10.0
ptg000051l	92801	92802	10.0	10.0	5.0	3.0
ptg000051l	92901	92902	11.0	8.0	11.0	8.0
ptg000051l	93001	93002	1.0	3.0	2.0	9.0
ptg000051l	93101	93102	0.0	1.0	0.0	3.0
ptg000051l	93201	93202	0.0	1.0	2.0	3.0
ptg000051l	93301	93302	0.0	0.0	0.0	1.0
ptg000051l	93401	93402	0.0	0.0	0.0	0.0
ptg000051l	93501	93502	0.0	0.0	0.0	0.0
ptg000051l	93601	93602	0.0	0.0	0.0	0.0
ptg000051l	93701	93702	0.0	0.0	0.0	0.0
ptg000051l	93801	93802	0.0	0.0	0.0	0.0
ptg000051l	93901	93902	0.0	0.0	0.0	0.0
ptg000051l	94001	94002	0.0	0.0	0.0	0.0
ptg000051l	94101	94102	0.0	0.0	0.0	0.0
ptg000051l	94201	94202	0.0	0.0	0.0	0.0
ptg000051l	94301	94302	0.0	0.0	0.0	0.0
ptg000051l	94401	94402	0.0	0.0	0.0	0.0
ptg000051l	94501	94502	0.0	0.0	0.0	0.0
ptg000051l	94601	94602	0.0	0.0	0.0	0.0
ptg000051l	94701	94702	0.0	0.0	0.0	0.0
ptg000051l	94801	94802	0.0	0.0	0.0	0.0
ptg000051l	94901	94902	0.0	0.0	0.0	0.0
