#plotCoverage --outRawCounts
#'chr'	'start'	'end'	'S1.dedup.bam'	'S2.dedup.bam'	'S3.dedup.bam'	'S4.dedup.bam'
ptg000046l	1	2	1.0	0.0	1.0	0.0
ptg000046l	101	102	2.0	4.0	2.0	0.0
ptg000046l	201	202	17.0	20.0	16.0	8.0
ptg000046l	301	302	97.0	49.0	74.0	28.0
ptg000046l	401	402	75.0	35.0	51.0	18.0
ptg000046l	501	502	30.0	17.0	24.0	17.0
ptg000046l	601	602	138.0	70.0	114.0	51.0
ptg000046l	701	702	90.0	46.0	76.0	31.0
ptg000046l	801	802	18.0	10.0	14.0	9.0
ptg000046l	901	902	9.0	1.0	6.0	4.0
ptg000046l	1001	1002	110.0	81.0	87.0	63.0
ptg000046l	1101	1102	238.0	145.0	178.0	107.0
ptg000046l	1201	1202	147.0	97.0	115.0	54.0
ptg000046l	1301	1302	195.0	117.0	155.0	85.0
ptg000046l	1401	1402	185.0	121.0	159.0	59.0
ptg000046l	1501	1502	83.0	41.0	48.0	18.0
ptg000046l	1601	1602	15.0	4.0	7.0	5.0
ptg000046l	1701	1702	38.0	33.0	42.0	16.0
ptg000046l	1801	1802	75.0	67.0	63.0	32.0
ptg000046l	1901	1902	62.0	76.0	56.0	52.0
ptg000046l	2001	2002	29.0	23.0	20.0	13.0
ptg000046l	2101	2102	4.0	3.0	3.0	1.0
ptg000046l	2201	2202	6.0	4.0	5.0	6.0
ptg000046l	2301	2302	2.0	8.0	9.0	9.0
ptg000046l	2401	2402	1.0	1.0	4.0	2.0
ptg000046l	2501	2502	0.0	2.0	0.0	0.0
ptg000046l	2601	2602	6.0	16.0	9.0	8.0
ptg000046l	2701	2702	2.0	3.0	7.0	5.0
ptg000046l	2801	2802	3.0	4.0	5.0	1.0
ptg000046l	2901	2902	3.0	7.0	4.0	0.0
ptg000046l	3001	3002	6.0	5.0	4.0	4.0
ptg000046l	3101	3102	5.0	4.0	5.0	5.0
ptg000046l	3201	3202	0.0	2.0	0.0	0.0
ptg000046l	3301	3302	0.0	0.0	0.0	0.0
ptg000046l	3401	3402	16.0	9.0	5.0	10.0
ptg000046l	3501	3502	10.0	7.0	6.0	15.0
ptg000046l	3601	3602	4.0	5.0	6.0	3.0
ptg000046l	3701	3702	6.0	4.0	5.0	3.0
ptg000046l	3801	3802	9.0	6.0	1.0	5.0
ptg000046l	3901	3902	5.0	9.0	6.0	6.0
ptg000046l	4001	4002	7.0	7.0	7.0	5.0
ptg000046l	4101	4102	7.0	6.0	4.0	5.0
ptg000046l	4201	4202	4.0	3.0	6.0	1.0
ptg000046l	4301	4302	7.0	5.0	3.0	2.0
ptg000046l	4401	4402	12.0	2.0	3.0	2.0
ptg000046l	4501	4502	10.0	2.0	3.0	3.0
ptg000046l	4601	4602	7.0	4.0	3.0	3.0
ptg000046l	4701	4702	3.0	3.0	1.0	2.0
ptg000046l	4801	4802	0.0	1.0	1.0	0.0
ptg000046l	4901	4902	12.0	5.0	9.0	7.0
ptg000046l	5001	5002	21.0	12.0	17.0	10.0
ptg000046l	5101	5102	7.0	2.0	6.0	3.0
ptg000046l	5201	5202	2.0	2.0	3.0	2.0
ptg000046l	5301	5302	5.0	0.0	5.0	3.0
ptg000046l	5401	5402	8.0	1.0	12.0	2.0
ptg000046l	5501	5502	10.0	6.0	10.0	2.0
ptg000046l	5601	5602	4.0	5.0	3.0	2.0
ptg000046l	5701	5702	22.0	16.0	27.0	14.0
ptg000046l	5801	5802	51.0	32.0	52.0	19.0
ptg000046l	5901	5902	49.0	34.0	45.0	17.0
ptg000046l	6001	6002	20.0	13.0	11.0	4.0
ptg000046l	6101	6102	8.0	10.0	3.0	1.0
ptg000046l	6201	6202	10.0	9.0	11.0	5.0
ptg000046l	6301	6302	9.0	9.0	10.0	4.0
ptg000046l	6401	6402	5.0	2.0	4.0	3.0
ptg000046l	6501	6502	6.0	2.0	2.0	2.0
ptg000046l	6601	6602	39.0	28.0	35.0	23.0
ptg000046l	6701	6702	65.0	41.0	57.0	55.0
ptg000046l	6801	6802	47.0	34.0	41.0	42.0
ptg000046l	6901	6902	12.0	8.0	7.0	6.0
ptg000046l	7001	7002	40.0	37.0	38.0	63.0
ptg000046l	7101	7102	26.0	41.0	24.0	20.0
ptg000046l	7201	7202	25.0	28.0	18.0	9.0
ptg000046l	7301	7302	5.0	4.0	5.0	0.0
ptg000046l	7401	7402	3.0	0.0	0.0	1.0
ptg000046l	7501	7502	9.0	12.0	15.0	10.0
ptg000046l	7601	7602	3.0	2.0	2.0	6.0
ptg000046l	7701	7702	26.0	25.0	23.0	14.0
ptg000046l	7801	7802	61.0	36.0	48.0	27.0
ptg000046l	7901	7902	50.0	39.0	39.0	28.0
ptg000046l	8001	8002	94.0	55.0	68.0	39.0
ptg000046l	8101	8102	40.0	27.0	30.0	17.0
ptg000046l	8201	8202	18.0	8.0	6.0	5.0
ptg000046l	8301	8302	38.0	18.0	19.0	9.0
ptg000046l	8401	8402	24.0	11.0	12.0	1.0
ptg000046l	8501	8502	0.0	0.0	2.0	3.0
ptg000046l	8601	8602	2.0	0.0	3.0	2.0
ptg000046l	8701	8702	7.0	7.0	4.0	0.0
ptg000046l	8801	8802	10.0	7.0	8.0	2.0
ptg000046l	8901	8902	25.0	22.0	26.0	16.0
ptg000046l	9001	9002	8.0	10.0	9.0	6.0
ptg000046l	9101	9102	1.0	6.0	5.0	1.0
ptg000046l	9201	9202	1.0	4.0	4.0	1.0
ptg000046l	9301	9302	81.0	74.0	57.0	73.0
ptg000046l	9401	9402	83.0	62.0	63.0	72.0
ptg000046l	9501	9502	10.0	7.0	11.0	5.0
ptg000046l	9601	9602	1.0	5.0	7.0	6.0
ptg000046l	9701	9702	1.0	3.0	2.0	3.0
ptg000046l	9801	9802	0.0	0.0	1.0	4.0
ptg000046l	9901	9902	34.0	37.0	31.0	23.0
ptg000046l	10001	10002	49.0	41.0	45.0	37.0
ptg000046l	10101	10102	13.0	37.0	26.0	22.0
ptg000046l	10201	10202	5.0	8.0	8.0	5.0
ptg000046l	10301	10302	6.0	0.0	6.0	2.0
ptg000046l	10401	10402	8.0	1.0	4.0	3.0
ptg000046l	10501	10502	7.0	4.0	1.0	3.0
ptg000046l	10601	10602	3.0	2.0	3.0	2.0
ptg000046l	10701	10702	1.0	1.0	3.0	2.0
ptg000046l	10801	10802	3.0	2.0	2.0	1.0
ptg000046l	10901	10902	2.0	4.0	1.0	0.0
ptg000046l	11001	11002	1.0	2.0	2.0	1.0
ptg000046l	11101	11102	1.0	2.0	3.0	1.0
ptg000046l	11201	11202	1.0	1.0	0.0	0.0
ptg000046l	11301	11302	0.0	1.0	0.0	0.0
ptg000046l	11401	11402	0.0	1.0	2.0	2.0
ptg000046l	11501	11502	8.0	3.0	2.0	6.0
ptg000046l	11601	11602	4.0	2.0	3.0	3.0
ptg000046l	11701	11702	1.0	5.0	5.0	3.0
ptg000046l	11801	11802	7.0	4.0	8.0	5.0
ptg000046l	11901	11902	3.0	3.0	3.0	3.0
ptg000046l	12001	12002	1.0	0.0	2.0	0.0
ptg000046l	12101	12102	0.0	0.0	0.0	0.0
ptg000046l	12201	12202	0.0	0.0	0.0	0.0
ptg000046l	12301	12302	5.0	8.0	6.0	2.0
ptg000046l	12401	12402	21.0	17.0	20.0	5.0
ptg000046l	12501	12502	5.0	7.0	8.0	1.0
ptg000046l	12601	12602	4.0	4.0	4.0	2.0
ptg000046l	12701	12702	0.0	0.0	0.0	0.0
ptg000046l	12801	12802	140.0	99.0	116.0	75.0
ptg000046l	12901	12902	148.0	112.0	128.0	82.0
ptg000046l	13001	13002	17.0	15.0	18.0	9.0
ptg000046l	13101	13102	15.0	9.0	12.0	9.0
ptg000046l	13201	13202	25.0	13.0	18.0	9.0
ptg000046l	13301	13302	12.0	2.0	11.0	3.0
ptg000046l	13401	13402	0.0	1.0	2.0	0.0
ptg000046l	13501	13502	6.0	4.0	3.0	3.0
ptg000046l	13601	13602	10.0	1.0	2.0	2.0
ptg000046l	13701	13702	14.0	4.0	4.0	1.0
ptg000046l	13801	13802	5.0	6.0	10.0	1.0
ptg000046l	13901	13902	2.0	4.0	5.0	2.0
ptg000046l	14001	14002	6.0	2.0	5.0	3.0
ptg000046l	14101	14102	3.0	0.0	0.0	0.0
ptg000046l	14201	14202	9.0	2.0	6.0	6.0
ptg000046l	14301	14302	10.0	1.0	6.0	8.0
ptg000046l	14401	14402	5.0	1.0	5.0	6.0
ptg000046l	14501	14502	1.0	0.0	1.0	2.0
ptg000046l	14601	14602	0.0	0.0	1.0	0.0
ptg000046l	14701	14702	4.0	2.0	3.0	3.0
ptg000046l	14801	14802	36.0	16.0	25.0	15.0
ptg000046l	14901	14902	43.0	17.0	19.0	13.0
ptg000046l	15001	15002	0.0	1.0	1.0	0.0
ptg000046l	15101	15102	0.0	0.0	0.0	0.0
ptg000046l	15201	15202	9.0	10.0	6.0	3.0
ptg000046l	15301	15302	8.0	6.0	7.0	8.0
ptg000046l	15401	15402	2.0	1.0	2.0	5.0
ptg000046l	15501	15502	4.0	6.0	3.0	6.0
ptg000046l	15601	15602	4.0	6.0	5.0	7.0
ptg000046l	15701	15702	9.0	3.0	9.0	6.0
ptg000046l	15801	15802	63.0	45.0	57.0	47.0
ptg000046l	15901	15902	75.0	78.0	70.0	44.0
ptg000046l	16001	16002	83.0	90.0	79.0	60.0
ptg000046l	16101	16102	71.0	64.0	55.0	46.0
ptg000046l	16201	16202	35.0	16.0	21.0	18.0
ptg000046l	16301	16302	52.0	40.0	29.0	37.0
ptg000046l	16401	16402	22.0	21.0	12.0	12.0
ptg000046l	16501	16502	5.0	1.0	4.0	0.0
ptg000046l	16601	16602	8.0	4.0	3.0	5.0
ptg000046l	16701	16702	3.0	3.0	2.0	2.0
ptg000046l	16801	16802	1.0	4.0	1.0	2.0
ptg000046l	16901	16902	0.0	0.0	2.0	0.0
ptg000046l	17001	17002	1.0	1.0	0.0	0.0
ptg000046l	17101	17102	3.0	3.0	3.0	2.0
ptg000046l	17201	17202	6.0	7.0	7.0	9.0
ptg000046l	17301	17302	5.0	8.0	6.0	7.0
ptg000046l	17401	17402	1.0	2.0	1.0	0.0
ptg000046l	17501	17502	3.0	1.0	2.0	0.0
ptg000046l	17601	17602	18.0	3.0	12.0	7.0
ptg000046l	17701	17702	11.0	6.0	10.0	9.0
ptg000046l	17801	17802	2.0	6.0	4.0	3.0
ptg000046l	17901	17902	3.0	7.0	2.0	5.0
ptg000046l	18001	18002	9.0	9.0	10.0	9.0
ptg000046l	18101	18102	7.0	2.0	3.0	3.0
ptg000046l	18201	18202	8.0	6.0	6.0	4.0
ptg000046l	18301	18302	6.0	5.0	5.0	6.0
ptg000046l	18401	18402	23.0	19.0	16.0	22.0
ptg000046l	18501	18502	48.0	40.0	41.0	55.0
ptg000046l	18601	18602	63.0	35.0	47.0	51.0
ptg000046l	18701	18702	24.0	17.0	7.0	13.0
ptg000046l	18801	18802	32.0	25.0	31.0	18.0
ptg000046l	18901	18902	40.0	34.0	35.0	21.0
ptg000046l	19001	19002	9.0	8.0	8.0	2.0
ptg000046l	19101	19102	1.0	1.0	1.0	3.0
ptg000046l	19201	19202	2.0	0.0	6.0	0.0
ptg000046l	19301	19302	8.0	1.0	3.0	0.0
ptg000046l	19401	19402	2.0	2.0	5.0	5.0
ptg000046l	19501	19502	10.0	9.0	11.0	5.0
ptg000046l	19601	19602	2.0	0.0	1.0	0.0
ptg000046l	19701	19702	3.0	1.0	3.0	3.0
ptg000046l	19801	19802	2.0	1.0	3.0	5.0
ptg000046l	19901	19902	4.0	1.0	1.0	5.0
ptg000046l	20001	20002	4.0	3.0	4.0	3.0
ptg000046l	20101	20102	1.0	1.0	2.0	0.0
ptg000046l	20201	20202	1.0	5.0	0.0	1.0
ptg000046l	20301	20302	2.0	1.0	0.0	2.0
ptg000046l	20401	20402	4.0	2.0	5.0	5.0
ptg000046l	20501	20502	6.0	0.0	10.0	9.0
ptg000046l	20601	20602	1.0	1.0	4.0	6.0
ptg000046l	20701	20702	2.0	3.0	1.0	2.0
ptg000046l	20801	20802	0.0	0.0	0.0	0.0
ptg000046l	20901	20902	2.0	3.0	2.0	0.0
ptg000046l	21001	21002	13.0	15.0	9.0	6.0
ptg000046l	21101	21102	31.0	23.0	23.0	23.0
ptg000046l	21201	21202	20.0	7.0	12.0	22.0
ptg000046l	21301	21302	45.0	32.0	36.0	29.0
ptg000046l	21401	21402	42.0	29.0	40.0	31.0
ptg000046l	21501	21502	4.0	11.0	10.0	4.0
ptg000046l	21601	21602	2.0	5.0	5.0	0.0
ptg000046l	21701	21702	9.0	13.0	9.0	8.0
ptg000046l	21801	21802	12.0	4.0	9.0	10.0
ptg000046l	21901	21902	11.0	3.0	9.0	7.0
ptg000046l	22001	22002	36.0	43.0	40.0	32.0
ptg000046l	22101	22102	78.0	70.0	65.0	53.0
ptg000046l	22201	22202	73.0	74.0	60.0	59.0
ptg000046l	22301	22302	35.0	39.0	33.0	32.0
ptg000046l	22401	22402	41.0	28.0	29.0	28.0
ptg000046l	22501	22502	28.0	20.0	24.0	26.0
ptg000046l	22601	22602	37.0	28.0	32.0	21.0
ptg000046l	22701	22702	6.0	11.0	12.0	3.0
ptg000046l	22801	22802	6.0	7.0	6.0	2.0
ptg000046l	22901	22902	2.0	2.0	1.0	0.0
ptg000046l	23001	23002	1.0	1.0	0.0	0.0
ptg000046l	23101	23102	4.0	4.0	7.0	1.0
ptg000046l	23201	23202	28.0	41.0	39.0	14.0
ptg000046l	23301	23302	12.0	15.0	18.0	13.0
ptg000046l	23401	23402	36.0	30.0	28.0	19.0
ptg000046l	23501	23502	40.0	30.0	34.0	18.0
ptg000046l	23601	23602	19.0	13.0	13.0	10.0
ptg000046l	23701	23702	0.0	0.0	3.0	0.0
ptg000046l	23801	23802	6.0	9.0	15.0	1.0
ptg000046l	23901	23902	8.0	5.0	11.0	3.0
ptg000046l	24001	24002	16.0	8.0	22.0	7.0
ptg000046l	24101	24102	24.0	24.0	27.0	18.0
ptg000046l	24201	24202	53.0	61.0	46.0	55.0
ptg000046l	24301	24302	67.0	60.0	53.0	72.0
ptg000046l	24401	24402	55.0	61.0	48.0	59.0
ptg000046l	24501	24502	20.0	31.0	25.0	24.0
ptg000046l	24601	24602	42.0	47.0	36.0	38.0
ptg000046l	24701	24702	6.0	3.0	5.0	3.0
ptg000046l	24801	24802	2.0	2.0	0.0	1.0
ptg000046l	24901	24902	2.0	5.0	1.0	0.0
ptg000046l	25001	25002	5.0	1.0	0.0	1.0
ptg000046l	25101	25102	4.0	4.0	6.0	3.0
ptg000046l	25201	25202	6.0	6.0	9.0	10.0
ptg000046l	25301	25302	5.0	5.0	5.0	8.0
ptg000046l	25401	25402	0.0	4.0	1.0	0.0
ptg000046l	25501	25502	2.0	6.0	2.0	3.0
ptg000046l	25601	25602	5.0	5.0	6.0	7.0
ptg000046l	25701	25702	2.0	3.0	4.0	4.0
ptg000046l	25801	25802	4.0	1.0	0.0	0.0
ptg000046l	25901	25902	2.0	1.0	0.0	2.0
ptg000046l	26001	26002	0.0	0.0	0.0	2.0
ptg000046l	26101	26102	5.0	5.0	6.0	4.0
ptg000046l	26201	26202	8.0	7.0	7.0	5.0
ptg000046l	26301	26302	15.0	8.0	8.0	8.0
ptg000046l	26401	26402	15.0	8.0	23.0	18.0
ptg000046l	26501	26502	24.0	23.0	28.0	21.0
ptg000046l	26601	26602	19.0	15.0	18.0	11.0
ptg000046l	26701	26702	1.0	1.0	2.0	1.0
ptg000046l	26801	26802	0.0	2.0	2.0	0.0
ptg000046l	26901	26902	8.0	3.0	8.0	2.0
ptg000046l	27001	27002	1.0	1.0	0.0	1.0
ptg000046l	27101	27102	2.0	1.0	0.0	2.0
ptg000046l	27201	27202	6.0	0.0	4.0	1.0
ptg000046l	27301	27302	7.0	3.0	4.0	0.0
ptg000046l	27401	27402	14.0	12.0	14.0	10.0
ptg000046l	27501	27502	20.0	24.0	23.0	21.0
ptg000046l	27601	27602	4.0	8.0	5.0	5.0
ptg000046l	27701	27702	55.0	8.0	23.0	6.0
ptg000046l	27801	27802	10.0	2.0	7.0	1.0
ptg000046l	27901	27902	4.0	0.0	5.0	5.0
ptg000046l	28001	28002	11.0	4.0	5.0	9.0
ptg000046l	28101	28102	31.0	10.0	10.0	15.0
ptg000046l	28201	28202	1.0	7.0	3.0	3.0
ptg000046l	28301	28302	2.0	2.0	0.0	2.0
ptg000046l	28401	28402	2.0	5.0	3.0	4.0
ptg000046l	28501	28502	16.0	6.0	8.0	12.0
ptg000046l	28601	28602	8.0	5.0	5.0	15.0
ptg000046l	28701	28702	3.0	6.0	4.0	12.0
ptg000046l	28801	28802	6.0	7.0	2.0	9.0
ptg000046l	28901	28902	10.0	10.0	9.0	10.0
ptg000046l	29001	29002	1.0	0.0	0.0	0.0
ptg000046l	29101	29102	9.0	8.0	5.0	5.0
ptg000046l	29201	29202	23.0	9.0	25.0	9.0
ptg000046l	29301	29302	2.0	0.0	4.0	1.0
ptg000046l	29401	29402	2.0	3.0	2.0	1.0
ptg000046l	29501	29502	6.0	4.0	6.0	1.0
ptg000046l	29601	29602	2.0	4.0	5.0	5.0
ptg000046l	29701	29702	2.0	5.0	4.0	4.0
ptg000046l	29801	29802	4.0	5.0	9.0	4.0
ptg000046l	29901	29902	13.0	8.0	13.0	13.0
ptg000046l	30001	30002	10.0	13.0	12.0	13.0
ptg000046l	30101	30102	0.0	2.0	1.0	4.0
ptg000046l	30201	30202	0.0	0.0	0.0	1.0
ptg000046l	30301	30302	0.0	3.0	1.0	3.0
ptg000046l	30401	30402	3.0	6.0	1.0	3.0
ptg000046l	30501	30502	0.0	1.0	3.0	1.0
ptg000046l	30601	30602	9.0	2.0	2.0	5.0
ptg000046l	30701	30702	8.0	2.0	0.0	3.0
ptg000046l	30801	30802	3.0	1.0	0.0	3.0
ptg000046l	30901	30902	2.0	2.0	3.0	3.0
ptg000046l	31001	31002	17.0	14.0	17.0	9.0
ptg000046l	31101	31102	18.0	19.0	18.0	10.0
ptg000046l	31201	31202	5.0	6.0	9.0	8.0
ptg000046l	31301	31302	0.0	1.0	0.0	0.0
ptg000046l	31401	31402	6.0	3.0	4.0	3.0
ptg000046l	31501	31502	2.0	5.0	5.0	0.0
ptg000046l	31601	31602	1.0	3.0	4.0	0.0
ptg000046l	31701	31702	1.0	1.0	0.0	0.0
ptg000046l	31801	31802	3.0	1.0	5.0	3.0
ptg000046l	31901	31902	2.0	0.0	2.0	1.0
ptg000046l	32001	32002	1.0	1.0	0.0	1.0
ptg000046l	32101	32102	1.0	2.0	2.0	1.0
ptg000046l	32201	32202	2.0	0.0	3.0	0.0
ptg000046l	32301	32302	1.0	1.0	6.0	3.0
ptg000046l	32401	32402	0.0	0.0	2.0	0.0
ptg000046l	32501	32502	0.0	1.0	3.0	0.0
ptg000046l	32601	32602	9.0	13.0	14.0	8.0
ptg000046l	32701	32702	28.0	25.0	24.0	14.0
ptg000046l	32801	32802	24.0	23.0	19.0	16.0
ptg000046l	32901	32902	2.0	2.0	5.0	4.0
ptg000046l	33001	33002	4.0	4.0	4.0	2.0
ptg000046l	33101	33102	18.0	12.0	18.0	9.0
ptg000046l	33201	33202	14.0	10.0	14.0	13.0
ptg000046l	33301	33302	4.0	7.0	2.0	7.0
ptg000046l	33401	33402	9.0	10.0	10.0	16.0
ptg000046l	33501	33502	48.0	56.0	57.0	30.0
ptg000046l	33601	33602	50.0	48.0	54.0	29.0
ptg000046l	33701	33702	14.0	26.0	18.0	18.0
ptg000046l	33801	33802	14.0	25.0	16.0	12.0
ptg000046l	33901	33902	37.0	23.0	33.0	29.0
ptg000046l	34001	34002	56.0	39.0	55.0	42.0
ptg000046l	34101	34102	39.0	39.0	43.0	31.0
ptg000046l	34201	34202	9.0	12.0	7.0	12.0
ptg000046l	34301	34302	50.0	39.0	44.0	36.0
ptg000046l	34401	34402	44.0	39.0	36.0	33.0
ptg000046l	34501	34502	6.0	7.0	2.0	3.0
ptg000046l	34601	34602	2.0	1.0	0.0	2.0
ptg000046l	34701	34702	7.0	2.0	7.0	4.0
ptg000046l	34801	34802	6.0	5.0	7.0	6.0
ptg000046l	34901	34902	2.0	4.0	4.0	5.0
ptg000046l	35001	35002	0.0	0.0	0.0	3.0
ptg000046l	35101	35102	33.0	24.0	31.0	24.0
ptg000046l	35201	35202	38.0	24.0	34.0	31.0
ptg000046l	35301	35302	19.0	14.0	13.0	17.0
ptg000046l	35401	35402	5.0	5.0	3.0	7.0
ptg000046l	35501	35502	5.0	9.0	8.0	4.0
ptg000046l	35601	35602	8.0	10.0	4.0	1.0
ptg000046l	35701	35702	4.0	2.0	1.0	1.0
ptg000046l	35801	35802	1.0	3.0	7.0	0.0
ptg000046l	35901	35902	6.0	10.0	3.0	3.0
ptg000046l	36001	36002	2.0	4.0	4.0	0.0
ptg000046l	36101	36102	22.0	16.0	12.0	16.0
ptg000046l	36201	36202	30.0	33.0	23.0	27.0
ptg000046l	36301	36302	18.0	27.0	11.0	13.0
ptg000046l	36401	36402	33.0	28.0	21.0	15.0
ptg000046l	36501	36502	9.0	6.0	6.0	2.0
ptg000046l	36601	36602	1.0	3.0	4.0	2.0
ptg000046l	36701	36702	6.0	1.0	5.0	7.0
ptg000046l	36801	36802	5.0	2.0	3.0	4.0
ptg000046l	36901	36902	3.0	0.0	2.0	0.0
ptg000046l	37001	37002	2.0	2.0	3.0	1.0
ptg000046l	37101	37102	5.0	2.0	2.0	2.0
ptg000046l	37201	37202	7.0	5.0	3.0	6.0
ptg000046l	37301	37302	5.0	3.0	5.0	8.0
ptg000046l	37401	37402	8.0	1.0	5.0	3.0
ptg000046l	37501	37502	1.0	2.0	4.0	1.0
ptg000046l	37601	37602	0.0	0.0	2.0	1.0
ptg000046l	37701	37702	0.0	2.0	5.0	0.0
ptg000046l	37801	37802	5.0	0.0	3.0	2.0
ptg000046l	37901	37902	9.0	3.0	3.0	2.0
ptg000046l	38001	38002	74.0	34.0	54.0	28.0
ptg000046l	38101	38102	25.0	9.0	14.0	10.0
ptg000046l	38201	38202	0.0	0.0	1.0	0.0
ptg000046l	38301	38302	1.0	1.0	0.0	0.0
ptg000046l	38401	38402	3.0	1.0	0.0	0.0
ptg000046l	38501	38502	0.0	1.0	1.0	2.0
ptg000046l	38601	38602	1.0	3.0	5.0	4.0
ptg000046l	38701	38702	0.0	0.0	0.0	0.0
ptg000046l	38801	38802	4.0	1.0	4.0	0.0
ptg000046l	38901	38902	5.0	2.0	2.0	3.0
ptg000046l	39001	39002	8.0	4.0	1.0	4.0
ptg000046l	39101	39102	1.0	5.0	4.0	2.0
ptg000046l	39201	39202	2.0	7.0	3.0	5.0
ptg000046l	39301	39302	3.0	5.0	5.0	4.0
ptg000046l	39401	39402	0.0	0.0	0.0	0.0
ptg000046l	39501	39502	1.0	5.0	5.0	3.0
ptg000046l	39601	39602	1.0	6.0	8.0	3.0
ptg000046l	39701	39702	5.0	5.0	4.0	3.0
ptg000046l	39801	39802	3.0	0.0	0.0	0.0
ptg000046l	39901	39902	0.0	1.0	0.0	1.0
ptg000046l	40001	40002	2.0	2.0	1.0	2.0
ptg000046l	40101	40102	27.0	18.0	25.0	23.0
ptg000046l	40201	40202	15.0	10.0	15.0	18.0
ptg000046l	40301	40302	1.0	0.0	0.0	0.0
ptg000046l	40401	40402	3.0	4.0	3.0	0.0
ptg000046l	40501	40502	7.0	7.0	4.0	2.0
ptg000046l	40601	40602	2.0	3.0	1.0	1.0
ptg000046l	40701	40702	4.0	6.0	2.0	2.0
ptg000046l	40801	40802	8.0	4.0	9.0	3.0
ptg000046l	40901	40902	20.0	11.0	9.0	11.0
ptg000046l	41001	41002	9.0	7.0	2.0	7.0
ptg000046l	41101	41102	2.0	3.0	3.0	1.0
ptg000046l	41201	41202	18.0	13.0	15.0	9.0
ptg000046l	41301	41302	12.0	9.0	13.0	8.0
ptg000046l	41401	41402	2.0	1.0	0.0	2.0
ptg000046l	41501	41502	10.0	5.0	1.0	3.0
ptg000046l	41601	41602	10.0	6.0	6.0	7.0
ptg000046l	41701	41702	15.0	13.0	10.0	13.0
ptg000046l	41801	41802	38.0	17.0	14.0	20.0
ptg000046l	41901	41902	20.0	11.0	7.0	17.0
ptg000046l	42001	42002	5.0	3.0	1.0	8.0
ptg000046l	42101	42102	1.0	2.0	2.0	3.0
ptg000046l	42201	42202	2.0	1.0	3.0	1.0
ptg000046l	42301	42302	9.0	7.0	7.0	3.0
ptg000046l	42401	42402	5.0	7.0	4.0	4.0
ptg000046l	42501	42502	2.0	2.0	1.0	0.0
ptg000046l	42601	42602	1.0	1.0	0.0	2.0
ptg000046l	42701	42702	0.0	0.0	0.0	0.0
ptg000046l	42801	42802	1.0	2.0	1.0	0.0
ptg000046l	42901	42902	19.0	17.0	16.0	9.0
ptg000046l	43001	43002	18.0	16.0	12.0	9.0
ptg000046l	43101	43102	31.0	23.0	20.0	26.0
ptg000046l	43201	43202	22.0	21.0	13.0	13.0
ptg000046l	43301	43302	22.0	0.0	19.0	3.0
ptg000046l	43401	43402	0.0	3.0	0.0	0.0
ptg000046l	43501	43502	2.0	7.0	3.0	1.0
ptg000046l	43601	43602	4.0	2.0	4.0	0.0
ptg000046l	43701	43702	74.0	81.0	58.0	47.0
ptg000046l	43801	43802	10.0	10.0	7.0	9.0
ptg000046l	43901	43902	11.0	21.0	9.0	15.0
ptg000046l	44001	44002	12.0	24.0	17.0	20.0
ptg000046l	44101	44102	11.0	25.0	15.0	18.0
ptg000046l	44201	44202	8.0	32.0	15.0	19.0
ptg000046l	44301	44302	9.0	19.0	19.0	17.0
ptg000046l	44401	44402	8.0	20.0	8.0	18.0
ptg000046l	44501	44502	8.0	19.0	14.0	18.0
ptg000046l	44601	44602	13.0	14.0	12.0	13.0
ptg000046l	44701	44702	10.0	12.0	7.0	12.0
ptg000046l	44801	44802	5.0	7.0	4.0	7.0
ptg000046l	44901	44902	18.0	9.0	8.0	18.0
ptg000046l	45001	45002	21.0	14.0	10.0	28.0
ptg000046l	45101	45102	21.0	17.0	13.0	18.0
ptg000046l	45201	45202	27.0	12.0	18.0	26.0
ptg000046l	45301	45302	19.0	10.0	12.0	15.0
ptg000046l	45401	45402	6.0	9.0	2.0	4.0
ptg000046l	45501	45502	24.0	15.0	9.0	18.0
ptg000046l	45601	45602	15.0	8.0	15.0	23.0
ptg000046l	45701	45702	7.0	3.0	6.0	10.0
ptg000046l	45801	45802	21.0	22.0	19.0	41.0
ptg000046l	45901	45902	497.0	458.0	306.0	351.0
ptg000046l	46001	46002	48.0	26.0	49.0	39.0
ptg000046l	46101	46102	9.0	6.0	7.0	3.0
ptg000046l	46201	46202	2.0	2.0	5.0	1.0
ptg000046l	46301	46302	2.0	1.0	4.0	1.0
ptg000046l	46401	46402	1.0	2.0	4.0	1.0
ptg000046l	46501	46502	2.0	3.0	6.0	2.0
ptg000046l	46601	46602	2.0	0.0	2.0	2.0
ptg000046l	46701	46702	3.0	3.0	2.0	0.0
ptg000046l	46801	46802	4.0	1.0	4.0	0.0
ptg000046l	46901	46902	6.0	3.0	8.0	11.0
ptg000046l	47001	47002	3.0	0.0	3.0	5.0
ptg000046l	47101	47102	2.0	0.0	0.0	0.0
ptg000046l	47201	47202	1.0	0.0	0.0	0.0
ptg000046l	47301	47302	13.0	1.0	3.0	2.0
ptg000046l	47401	47402	10.0	0.0	8.0	3.0
ptg000046l	47501	47502	2.0	3.0	6.0	4.0
ptg000046l	47601	47602	3.0	3.0	4.0	0.0
ptg000046l	47701	47702	13.0	1.0	7.0	3.0
ptg000046l	47801	47802	3.0	0.0	1.0	3.0
ptg000046l	47901	47902	3.0	2.0	2.0	6.0
ptg000046l	48001	48002	6.0	8.0	5.0	5.0
ptg000046l	48101	48102	2.0	4.0	3.0	2.0
ptg000046l	48201	48202	3.0	3.0	2.0	3.0
ptg000046l	48301	48302	1.0	2.0	2.0	2.0
ptg000046l	48401	48402	0.0	0.0	1.0	2.0
ptg000046l	48501	48502	1.0	2.0	1.0	5.0
ptg000046l	48601	48602	0.0	0.0	0.0	0.0
ptg000046l	48701	48702	2.0	2.0	1.0	2.0
ptg000046l	48801	48802	4.0	8.0	5.0	6.0
ptg000046l	48901	48902	10.0	10.0	5.0	8.0
ptg000046l	49001	49002	1.0	7.0	4.0	5.0
ptg000046l	49101	49102	1.0	5.0	3.0	2.0
ptg000046l	49201	49202	3.0	0.0	3.0	4.0
ptg000046l	49301	49302	1.0	0.0	2.0	2.0
ptg000046l	49401	49402	0.0	0.0	6.0	1.0
ptg000046l	49501	49502	5.0	6.0	6.0	5.0
ptg000046l	49601	49602	2.0	5.0	3.0	4.0
ptg000046l	49701	49702	3.0	4.0	4.0	2.0
ptg000046l	49801	49802	15.0	13.0	14.0	16.0
ptg000046l	49901	49902	35.0	20.0	25.0	14.0
ptg000046l	50001	50002	73.0	52.0	51.0	38.0
ptg000046l	50101	50102	19.0	12.0	11.0	13.0
ptg000046l	50201	50202	89.0	73.0	109.0	72.0
ptg000046l	50301	50302	315.0	226.0	289.0	199.0
ptg000046l	50401	50402	48.0	48.0	44.0	43.0
ptg000046l	50501	50502	24.0	20.0	24.0	29.0
ptg000046l	50601	50602	38.0	22.0	24.0	22.0
ptg000046l	50701	50702	16.0	6.0	26.0	20.0
ptg000046l	50801	50802	18.0	9.0	18.0	22.0
ptg000046l	50901	50902	7.0	3.0	6.0	3.0
ptg000046l	51001	51002	114.0	62.0	110.0	53.0
ptg000046l	51101	51102	490.0	328.0	405.0	257.0
ptg000046l	51201	51202	358.0	279.0	274.0	197.0
ptg000046l	51301	51302	88.0	53.0	43.0	40.0
ptg000046l	51401	51402	5.0	9.0	11.0	7.0
ptg000046l	51501	51502	8.0	8.0	8.0	12.0
ptg000046l	51601	51602	0.0	0.0	1.0	1.0
ptg000046l	51701	51702	1.0	0.0	4.0	0.0
ptg000046l	51801	51802	0.0	1.0	1.0	1.0
ptg000046l	51901	51902	15.0	10.0	8.0	4.0
ptg000046l	52001	52002	16.0	16.0	8.0	5.0
ptg000046l	52101	52102	4.0	0.0	3.0	3.0
ptg000046l	52201	52202	4.0	6.0	4.0	5.0
ptg000046l	52301	52302	9.0	8.0	5.0	7.0
ptg000046l	52401	52402	6.0	7.0	5.0	5.0
ptg000046l	52501	52502	9.0	8.0	9.0	6.0
ptg000046l	52601	52602	12.0	11.0	10.0	4.0
ptg000046l	52701	52702	16.0	9.0	13.0	5.0
ptg000046l	52801	52802	56.0	40.0	52.0	34.0
ptg000046l	52901	52902	93.0	66.0	72.0	45.0
ptg000046l	53001	53002	53.0	33.0	40.0	22.0
ptg000046l	53101	53102	2.0	2.0	0.0	2.0
ptg000046l	53201	53202	12.0	6.0	7.0	8.0
ptg000046l	53301	53302	8.0	2.0	4.0	3.0
ptg000046l	53401	53402	4.0	2.0	1.0	0.0
ptg000046l	53501	53502	13.0	6.0	3.0	1.0
ptg000046l	53601	53602	45.0	36.0	33.0	24.0
ptg000046l	53701	53702	45.0	35.0	25.0	22.0
ptg000046l	53801	53802	14.0	15.0	10.0	11.0
ptg000046l	53901	53902	6.0	4.0	5.0	8.0
ptg000046l	54001	54002	10.0	11.0	9.0	5.0
ptg000046l	54101	54102	3.0	5.0	2.0	2.0
ptg000046l	54201	54202	5.0	9.0	5.0	2.0
ptg000046l	54301	54302	8.0	8.0	6.0	1.0
ptg000046l	54401	54402	8.0	6.0	7.0	2.0
ptg000046l	54501	54502	6.0	1.0	8.0	5.0
ptg000046l	54601	54602	6.0	2.0	6.0	4.0
ptg000046l	54701	54702	24.0	12.0	15.0	13.0
ptg000046l	54801	54802	25.0	17.0	35.0	18.0
ptg000046l	54901	54902	40.0	39.0	30.0	33.0
ptg000046l	55001	55002	76.0	85.0	62.0	65.0
ptg000046l	55101	55102	108.0	132.0	116.0	114.0
ptg000046l	55201	55202	35.0	46.0	37.0	52.0
ptg000046l	55301	55302	80.0	91.0	68.0	78.0
ptg000046l	55401	55402	51.0	47.0	50.0	42.0
ptg000046l	55501	55502	39.0	30.0	45.0	19.0
ptg000046l	55601	55602	52.0	36.0	49.0	45.0
ptg000046l	55701	55702	40.0	27.0	41.0	35.0
ptg000046l	55801	55802	29.0	26.0	28.0	20.0
ptg000046l	55901	55902	30.0	21.0	41.0	20.0
ptg000046l	56001	56002	85.0	71.0	99.0	70.0
ptg000046l	56101	56102	66.0	46.0	55.0	58.0
ptg000046l	56201	56202	57.0	32.0	49.0	27.0
ptg000046l	56301	56302	80.0	66.0	55.0	51.0
ptg000046l	56401	56402	63.0	44.0	50.0	46.0
ptg000046l	56501	56502	35.0	23.0	24.0	22.0
ptg000046l	56601	56602	57.0	66.0	43.0	39.0
ptg000046l	56701	56702	82.0	97.0	64.0	64.0
ptg000046l	56801	56802	37.0	53.0	46.0	51.0
ptg000046l	56901	56902	26.0	30.0	23.0	30.0
ptg000046l	57001	57002	36.0	37.0	29.0	33.0
ptg000046l	57101	57102	6.0	5.0	3.0	11.0
ptg000046l	57201	57202	25.0	17.0	19.0	8.0
ptg000046l	57301	57302	20.0	14.0	19.0	14.0
ptg000046l	57401	57402	26.0	23.0	21.0	20.0
ptg000046l	57501	57502	25.0	31.0	18.0	34.0
ptg000046l	57601	57602	26.0	24.0	16.0	28.0
ptg000046l	57701	57702	39.0	29.0	40.0	35.0
ptg000046l	57801	57802	48.0	41.0	50.0	37.0
ptg000046l	57901	57902	38.0	43.0	49.0	44.0
ptg000046l	58001	58002	14.0	8.0	7.0	20.0
ptg000046l	58101	58102	39.0	39.0	31.0	39.0
ptg000046l	58201	58202	24.0	27.0	40.0	29.0
ptg000046l	58301	58302	74.0	81.0	69.0	64.0
ptg000046l	58401	58402	63.0	64.0	47.0	52.0
ptg000046l	58501	58502	78.0	83.0	73.0	69.0
ptg000046l	58601	58602	76.0	79.0	88.0	75.0
ptg000046l	58701	58702	85.0	75.0	78.0	69.0
ptg000046l	58801	58802	73.0	68.0	60.0	51.0
ptg000046l	58901	58902	159.0	138.0	143.0	118.0
ptg000046l	59001	59002	130.0	147.0	117.0	103.0
ptg000046l	59101	59102	115.0	104.0	96.0	69.0
ptg000046l	59201	59202	91.0	74.0	74.0	62.0
ptg000046l	59301	59302	76.0	46.0	55.0	60.0
ptg000046l	59401	59402	96.0	82.0	79.0	72.0
ptg000046l	59501	59502	88.0	69.0	73.0	66.0
ptg000046l	59601	59602	93.0	77.0	83.0	53.0
ptg000046l	59701	59702	81.0	68.0	72.0	47.0
ptg000046l	59801	59802	119.0	126.0	111.0	95.0
ptg000046l	59901	59902	134.0	142.0	118.0	108.0
ptg000046l	60001	60002	93.0	92.0	79.0	62.0
ptg000046l	60101	60102	86.0	78.0	60.0	57.0
ptg000046l	60201	60202	128.0	103.0	86.0	93.0
ptg000046l	60301	60302	72.0	95.0	82.0	64.0
ptg000046l	60401	60402	70.0	64.0	71.0	42.0
ptg000046l	60501	60502	64.0	63.0	73.0	49.0
ptg000046l	60601	60602	63.0	51.0	49.0	45.0
ptg000046l	60701	60702	37.0	32.0	36.0	38.0
ptg000046l	60801	60802	36.0	43.0	43.0	34.0
ptg000046l	60901	60902	43.0	37.0	49.0	47.0
ptg000046l	61001	61002	65.0	53.0	59.0	48.0
ptg000046l	61101	61102	81.0	63.0	77.0	60.0
ptg000046l	61201	61202	49.0	44.0	43.0	40.0
ptg000046l	61301	61302	88.0	67.0	59.0	58.0
ptg000046l	61401	61402	70.0	89.0	91.0	73.0
ptg000046l	61501	61502	31.0	43.0	26.0	37.0
ptg000046l	61601	61602	54.0	78.0	42.0	61.0
ptg000046l	61701	61702	64.0	112.0	71.0	102.0
ptg000046l	61801	61802	55.0	127.0	79.0	155.0
ptg000046l	61901	61902	58.0	88.0	66.0	96.0
ptg000046l	62001	62002	32.0	30.0	30.0	20.0
ptg000046l	62101	62102	15.0	10.0	9.0	7.0
ptg000046l	62201	62202	10.0	6.0	20.0	3.0
ptg000046l	62301	62302	8.0	9.0	15.0	5.0
ptg000046l	62401	62402	3.0	4.0	4.0	7.0
ptg000046l	62501	62502	1.0	1.0	0.0	2.0
ptg000046l	62601	62602	1.0	1.0	12.0	10.0
ptg000046l	62701	62702	13.0	8.0	10.0	15.0
ptg000046l	62801	62802	48.0	36.0	32.0	41.0
ptg000046l	62901	62902	7.0	5.0	6.0	13.0
ptg000046l	63001	63002	8.0	3.0	8.0	19.0
ptg000046l	63101	63102	6.0	8.0	13.0	16.0
ptg000046l	63201	63202	8.0	4.0	9.0	12.0
ptg000046l	63301	63302	7.0	8.0	9.0	12.0
ptg000046l	63401	63402	8.0	22.0	17.0	23.0
ptg000046l	63501	63502	15.0	18.0	13.0	27.0
ptg000046l	63601	63602	16.0	15.0	11.0	20.0
ptg000046l	63701	63702	11.0	19.0	11.0	15.0
ptg000046l	63801	63802	9.0	18.0	13.0	18.0
ptg000046l	63901	63902	9.0	20.0	17.0	17.0
ptg000046l	64001	64002	13.0	19.0	9.0	16.0
ptg000046l	64101	64102	10.0	21.0	4.0	7.0
ptg000046l	64201	64202	3.0	14.0	9.0	5.0
ptg000046l	64301	64302	5.0	19.0	13.0	15.0
ptg000046l	64401	64402	6.0	14.0	10.0	15.0
ptg000046l	64501	64502	3.0	11.0	3.0	5.0
ptg000046l	64601	64602	10.0	15.0	22.0	11.0
ptg000046l	64701	64702	3.0	4.0	7.0	1.0
