#plotCoverage --outRawCounts
#'chr'	'start'	'end'	'S1.dedup.bam'	'S2.dedup.bam'	'S3.dedup.bam'	'S4.dedup.bam'
ptg000086l	1	2	0.0	1.0	0.0	0.0
ptg000086l	101	102	11.0	10.0	11.0	7.0
ptg000086l	201	202	21.0	15.0	20.0	11.0
ptg000086l	301	302	35.0	16.0	21.0	13.0
ptg000086l	401	402	26.0	19.0	23.0	12.0
ptg000086l	501	502	34.0	25.0	31.0	18.0
ptg000086l	601	602	21.0	14.0	21.0	11.0
ptg000086l	701	702	3.0	5.0	1.0	3.0
ptg000086l	801	802	19.0	23.0	34.0	22.0
ptg000086l	901	902	34.0	33.0	51.0	33.0
ptg000086l	1001	1002	47.0	41.0	50.0	35.0
ptg000086l	1101	1102	55.0	45.0	76.0	42.0
ptg000086l	1201	1202	65.0	30.0	58.0	40.0
ptg000086l	1301	1302	50.0	34.0	45.0	22.0
ptg000086l	1401	1402	42.0	39.0	42.0	21.0
ptg000086l	1501	1502	39.0	25.0	35.0	14.0
ptg000086l	1601	1602	39.0	22.0	42.0	10.0
ptg000086l	1701	1702	38.0	24.0	44.0	20.0
ptg000086l	1801	1802	32.0	30.0	43.0	25.0
ptg000086l	1901	1902	44.0	30.0	35.0	27.0
ptg000086l	2001	2002	40.0	31.0	30.0	17.0
ptg000086l	2101	2102	47.0	27.0	41.0	21.0
ptg000086l	2201	2202	62.0	32.0	36.0	27.0
ptg000086l	2301	2302	50.0	26.0	33.0	16.0
ptg000086l	2401	2402	74.0	39.0	52.0	28.0
ptg000086l	2501	2502	81.0	46.0	55.0	32.0
ptg000086l	2601	2602	30.0	18.0	30.0	21.0
ptg000086l	2701	2702	12.0	6.0	17.0	11.0
ptg000086l	2801	2802	22.0	12.0	27.0	11.0
ptg000086l	2901	2902	34.0	22.0	42.0	12.0
ptg000086l	3001	3002	35.0	26.0	46.0	12.0
ptg000086l	3101	3102	40.0	19.0	42.0	16.0
ptg000086l	3201	3202	34.0	24.0	41.0	19.0
ptg000086l	3301	3302	35.0	18.0	29.0	10.0
ptg000086l	3401	3402	34.0	16.0	31.0	17.0
ptg000086l	3501	3502	38.0	30.0	37.0	23.0
ptg000086l	3601	3602	32.0	25.0	22.0	13.0
ptg000086l	3701	3702	30.0	21.0	23.0	11.0
ptg000086l	3801	3802	26.0	13.0	22.0	16.0
ptg000086l	3901	3902	39.0	20.0	26.0	24.0
ptg000086l	4001	4002	41.0	32.0	24.0	22.0
ptg000086l	4101	4102	28.0	30.0	39.0	27.0
ptg000086l	4201	4202	28.0	35.0	28.0	37.0
ptg000086l	4301	4302	35.0	39.0	29.0	46.0
ptg000086l	4401	4402	34.0	36.0	37.0	32.0
ptg000086l	4501	4502	22.0	26.0	26.0	22.0
ptg000086l	4601	4602	15.0	20.0	20.0	21.0
ptg000086l	4701	4702	11.0	19.0	17.0	18.0
ptg000086l	4801	4802	3.0	11.0	8.0	12.0
ptg000086l	4901	4902	10.0	18.0	8.0	5.0
ptg000086l	5001	5002	10.0	14.0	14.0	9.0
ptg000086l	5101	5102	8.0	6.0	12.0	10.0
ptg000086l	5201	5202	10.0	8.0	12.0	7.0
ptg000086l	5301	5302	7.0	11.0	8.0	8.0
ptg000086l	5401	5402	7.0	9.0	8.0	5.0
ptg000086l	5501	5502	18.0	12.0	14.0	11.0
ptg000086l	5601	5602	18.0	12.0	11.0	16.0
ptg000086l	5701	5702	17.0	10.0	13.0	13.0
ptg000086l	5801	5802	14.0	11.0	11.0	12.0
ptg000086l	5901	5902	9.0	5.0	7.0	6.0
ptg000086l	6001	6002	11.0	5.0	6.0	7.0
ptg000086l	6101	6102	7.0	11.0	5.0	6.0
ptg000086l	6201	6202	10.0	8.0	5.0	8.0
ptg000086l	6301	6302	7.0	7.0	4.0	14.0
ptg000086l	6401	6402	4.0	8.0	5.0	22.0
ptg000086l	6501	6502	2.0	4.0	3.0	8.0
ptg000086l	6601	6602	21.0	29.0	26.0	33.0
ptg000086l	6701	6702	32.0	21.0	25.0	23.0
ptg000086l	6801	6802	15.0	7.0	11.0	9.0
ptg000086l	6901	6902	17.0	11.0	12.0	14.0
ptg000086l	7001	7002	19.0	9.0	21.0	11.0
ptg000086l	7101	7102	20.0	13.0	34.0	14.0
ptg000086l	7201	7202	23.0	21.0	19.0	21.0
ptg000086l	7301	7302	26.0	21.0	18.0	10.0
ptg000086l	7401	7402	19.0	19.0	21.0	8.0
ptg000086l	7501	7502	23.0	22.0	23.0	14.0
ptg000086l	7601	7602	27.0	24.0	31.0	13.0
ptg000086l	7701	7702	19.0	18.0	12.0	8.0
ptg000086l	7801	7802	7.0	5.0	3.0	0.0
ptg000086l	7901	7902	11.0	7.0	13.0	5.0
ptg000086l	8001	8002	19.0	15.0	19.0	14.0
ptg000086l	8101	8102	14.0	14.0	14.0	13.0
ptg000086l	8201	8202	16.0	13.0	18.0	21.0
ptg000086l	8301	8302	8.0	11.0	13.0	8.0
ptg000086l	8401	8402	6.0	7.0	6.0	4.0
ptg000086l	8501	8502	13.0	16.0	11.0	12.0
ptg000086l	8601	8602	14.0	11.0	10.0	8.0
ptg000086l	8701	8702	6.0	7.0	5.0	4.0
ptg000086l	8801	8802	7.0	16.0	5.0	5.0
ptg000086l	8901	8902	3.0	13.0	5.0	9.0
ptg000086l	9001	9002	7.0	15.0	12.0	9.0
ptg000086l	9101	9102	17.0	12.0	15.0	10.0
ptg000086l	9201	9202	6.0	2.0	4.0	5.0
ptg000086l	9301	9302	6.0	11.0	6.0	5.0
ptg000086l	9401	9402	31.0	28.0	22.0	24.0
ptg000086l	9501	9502	36.0	30.0	26.0	32.0
ptg000086l	9601	9602	22.0	17.0	13.0	15.0
ptg000086l	9701	9702	2.0	3.0	0.0	4.0
ptg000086l	9801	9802	12.0	8.0	5.0	4.0
ptg000086l	9901	9902	13.0	13.0	16.0	9.0
ptg000086l	10001	10002	9.0	13.0	16.0	17.0
ptg000086l	10101	10102	4577.0	3967.0	2646.0	3591.0
ptg000086l	10201	10202	154.0	162.0	88.0	124.0
ptg000086l	10301	10302	145.0	164.0	75.0	120.0
ptg000086l	10401	10402	1.0	3.0	9.0	1.0
ptg000086l	10501	10502	5.0	6.0	10.0	3.0
ptg000086l	10601	10602	8.0	3.0	5.0	4.0
ptg000086l	10701	10702	4.0	7.0	4.0	4.0
ptg000086l	10801	10802	7.0	7.0	11.0	4.0
ptg000086l	10901	10902	9.0	6.0	8.0	7.0
ptg000086l	11001	11002	14.0	5.0	15.0	8.0
ptg000086l	11101	11102	16.0	11.0	14.0	12.0
ptg000086l	11201	11202	9.0	8.0	12.0	15.0
ptg000086l	11301	11302	10.0	17.0	12.0	18.0
ptg000086l	11401	11402	13.0	12.0	9.0	12.0
ptg000086l	11501	11502	10.0	7.0	9.0	16.0
ptg000086l	11601	11602	15.0	5.0	15.0	13.0
ptg000086l	11701	11702	13.0	8.0	18.0	9.0
ptg000086l	11801	11802	11.0	13.0	14.0	10.0
ptg000086l	11901	11902	8.0	14.0	21.0	8.0
ptg000086l	12001	12002	12.0	11.0	23.0	9.0
ptg000086l	12101	12102	11.0	9.0	11.0	11.0
ptg000086l	12201	12202	12.0	12.0	10.0	9.0
ptg000086l	12301	12302	12.0	16.0	11.0	15.0
ptg000086l	12401	12402	16.0	15.0	20.0	15.0
ptg000086l	12501	12502	16.0	10.0	14.0	19.0
ptg000086l	12601	12602	14.0	5.0	5.0	19.0
ptg000086l	12701	12702	12.0	9.0	10.0	21.0
ptg000086l	12801	12802	8.0	10.0	14.0	20.0
ptg000086l	12901	12902	11.0	19.0	11.0	8.0
ptg000086l	13001	13002	14.0	18.0	14.0	16.0
ptg000086l	13101	13102	16.0	7.0	10.0	9.0
ptg000086l	13201	13202	13.0	18.0	20.0	14.0
ptg000086l	13301	13302	9.0	12.0	21.0	21.0
ptg000086l	13401	13402	9.0	11.0	14.0	16.0
ptg000086l	13501	13502	3.0	15.0	15.0	10.0
ptg000086l	13601	13602	6.0	11.0	14.0	8.0
ptg000086l	13701	13702	10.0	14.0	10.0	9.0
ptg000086l	13801	13802	15.0	8.0	10.0	11.0
ptg000086l	13901	13902	15.0	9.0	11.0	9.0
ptg000086l	14001	14002	21.0	9.0	13.0	13.0
ptg000086l	14101	14102	14.0	7.0	11.0	6.0
ptg000086l	14201	14202	5.0	1.0	2.0	1.0
ptg000086l	14301	14302	3.0	6.0	2.0	4.0
ptg000086l	14401	14402	5.0	5.0	3.0	5.0
ptg000086l	14501	14502	7.0	2.0	1.0	0.0
ptg000086l	14601	14602	3.0	4.0	2.0	3.0
ptg000086l	14701	14702	4.0	2.0	2.0	2.0
ptg000086l	14801	14802	4.0	1.0	1.0	1.0
ptg000086l	14901	14902	4.0	1.0	0.0	3.0
ptg000086l	15001	15002	1.0	0.0	0.0	1.0
ptg000086l	15101	15102	0.0	0.0	0.0	0.0
ptg000086l	15201	15202	9.0	3.0	3.0	8.0
ptg000086l	15301	15302	28.0	19.0	19.0	24.0
ptg000086l	15401	15402	19.0	18.0	16.0	21.0
ptg000086l	15501	15502	22.0	16.0	26.0	22.0
ptg000086l	15601	15602	24.0	14.0	17.0	17.0
ptg000086l	15701	15702	20.0	19.0	23.0	18.0
ptg000086l	15801	15802	14.0	12.0	25.0	15.0
ptg000086l	15901	15902	14.0	12.0	18.0	18.0
ptg000086l	16001	16002	16.0	10.0	12.0	15.0
ptg000086l	16101	16102	6.0	11.0	14.0	12.0
ptg000086l	16201	16202	12.0	11.0	21.0	15.0
ptg000086l	16301	16302	14.0	12.0	18.0	15.0
ptg000086l	16401	16402	1.0	8.0	8.0	7.0
ptg000086l	16501	16502	2.0	3.0	6.0	1.0
ptg000086l	16601	16602	8.0	6.0	3.0	4.0
ptg000086l	16701	16702	11.0	14.0	7.0	13.0
ptg000086l	16801	16802	0.0	0.0	0.0	1.0
ptg000086l	16901	16902	21.0	16.0	9.0	21.0
ptg000086l	17001	17002	58.0	81.0	42.0	98.0
ptg000086l	17101	17102	79.0	130.0	50.0	147.0
ptg000086l	17201	17202	55.0	117.0	39.0	133.0
ptg000086l	17301	17302	5.0	4.0	3.0	4.0
ptg000086l	17401	17402	0.0	1.0	2.0	0.0
ptg000086l	17501	17502	0.0	0.0	2.0	0.0
ptg000086l	17601	17602	0.0	0.0	2.0	0.0
ptg000086l	17701	17702	0.0	0.0	2.0	1.0
ptg000086l	17801	17802	1.0	1.0	2.0	1.0
ptg000086l	17901	17902	0.0	0.0	0.0	0.0
ptg000086l	18001	18002	0.0	0.0	0.0	0.0
ptg000086l	18101	18102	0.0	1.0	2.0	0.0
ptg000086l	18201	18202	0.0	2.0	1.0	0.0
ptg000086l	18301	18302	0.0	5.0	2.0	0.0
ptg000086l	18401	18402	0.0	1.0	1.0	0.0
ptg000086l	18501	18502	6.0	1.0	2.0	0.0
ptg000086l	18601	18602	3.0	0.0	0.0	0.0
ptg000086l	18701	18702	2.0	3.0	5.0	1.0
ptg000086l	18801	18802	25.0	15.0	28.0	23.0
ptg000086l	18901	18902	131.0	91.0	115.0	103.0
ptg000086l	19001	19002	109.0	78.0	86.0	90.0
ptg000086l	19101	19102	12.0	20.0	6.0	17.0
ptg000086l	19201	19202	4.0	0.0	2.0	7.0
ptg000086l	19301	19302	0.0	0.0	1.0	0.0
ptg000086l	19401	19402	18.0	18.0	13.0	20.0
ptg000086l	19501	19502	61.0	54.0	38.0	40.0
ptg000086l	19601	19602	30.0	32.0	22.0	29.0
ptg000086l	19701	19702	0.0	3.0	1.0	1.0
ptg000086l	19801	19802	38.0	44.0	27.0	36.0
ptg000086l	19901	19902	62.0	83.0	54.0	61.0
ptg000086l	20001	20002	33.0	44.0	31.0	27.0
ptg000086l	20101	20102	17.0	30.0	13.0	25.0
ptg000086l	20201	20202	0.0	1.0	0.0	1.0
ptg000086l	20301	20302	0.0	0.0	0.0	0.0
ptg000086l	20401	20402	0.0	0.0	1.0	0.0
ptg000086l	20501	20502	0.0	0.0	0.0	2.0
ptg000086l	20601	20602	0.0	0.0	0.0	0.0
ptg000086l	20701	20702	0.0	0.0	0.0	0.0
ptg000086l	20801	20802	0.0	0.0	0.0	0.0
ptg000086l	20901	20902	0.0	0.0	0.0	0.0
ptg000086l	21001	21002	0.0	0.0	0.0	0.0
ptg000086l	21101	21102	0.0	0.0	0.0	0.0
ptg000086l	21201	21202	0.0	0.0	0.0	0.0
ptg000086l	21301	21302	1.0	0.0	0.0	1.0
ptg000086l	21401	21402	2.0	0.0	0.0	0.0
ptg000086l	21501	21502	2.0	0.0	0.0	0.0
ptg000086l	21601	21602	0.0	0.0	0.0	0.0
ptg000086l	21701	21702	5.0	2.0	3.0	4.0
ptg000086l	21801	21802	1.0	3.0	0.0	2.0
ptg000086l	21901	21902	0.0	0.0	0.0	0.0
ptg000086l	22001	22002	0.0	1.0	0.0	1.0
ptg000086l	22101	22102	2.0	1.0	0.0	0.0
ptg000086l	22201	22202	2.0	1.0	0.0	0.0
ptg000086l	22301	22302	0.0	0.0	0.0	1.0
ptg000086l	22401	22402	4.0	2.0	3.0	6.0
ptg000086l	22501	22502	6.0	5.0	5.0	7.0
ptg000086l	22601	22602	0.0	1.0	0.0	0.0
ptg000086l	22701	22702	10.0	22.0	9.0	36.0
ptg000086l	22801	22802	2.0	7.0	3.0	11.0
ptg000086l	22901	22902	1.0	0.0	1.0	0.0
ptg000086l	23001	23002	0.0	1.0	0.0	1.0
ptg000086l	23101	23102	0.0	1.0	0.0	1.0
ptg000086l	23201	23202	0.0	0.0	0.0	0.0
ptg000086l	23301	23302	0.0	1.0	0.0	0.0
ptg000086l	23401	23402	0.0	1.0	0.0	0.0
ptg000086l	23501	23502	0.0	0.0	0.0	0.0
ptg000086l	23601	23602	1.0	0.0	0.0	0.0
ptg000086l	23701	23702	1.0	0.0	0.0	0.0
ptg000086l	23801	23802	3.0	1.0	3.0	0.0
ptg000086l	23901	23902	0.0	0.0	0.0	0.0
ptg000086l	24001	24002	2.0	0.0	1.0	0.0
ptg000086l	24101	24102	2.0	0.0	1.0	0.0
ptg000086l	24201	24202	2.0	1.0	2.0	0.0
ptg000086l	24301	24302	21.0	6.0	10.0	9.0
ptg000086l	24401	24402	111.0	55.0	73.0	66.0
ptg000086l	24501	24502	130.0	87.0	92.0	86.0
ptg000086l	24601	24602	13.0	18.0	11.0	13.0
ptg000086l	24701	24702	2.0	3.0	3.0	2.0
ptg000086l	24801	24802	0.0	1.0	3.0	0.0
ptg000086l	24901	24902	13.0	7.0	10.0	8.0
ptg000086l	25001	25002	50.0	52.0	43.0	29.0
ptg000086l	25101	25102	49.0	44.0	39.0	43.0
ptg000086l	25201	25202	1.0	1.0	0.0	1.0
ptg000086l	25301	25302	28.0	26.0	28.0	15.0
ptg000086l	25401	25402	62.0	70.0	78.0	48.0
ptg000086l	25501	25502	41.0	44.0	45.0	28.0
ptg000086l	25601	25602	22.0	24.0	27.0	21.0
ptg000086l	25701	25702	2.0	3.0	2.0	4.0
ptg000086l	25801	25802	0.0	0.0	1.0	1.0
ptg000086l	25901	25902	0.0	0.0	0.0	1.0
ptg000086l	26001	26002	0.0	0.0	0.0	1.0
ptg000086l	26101	26102	0.0	0.0	0.0	0.0
ptg000086l	26201	26202	0.0	0.0	0.0	1.0
ptg000086l	26301	26302	0.0	0.0	0.0	0.0
ptg000086l	26401	26402	0.0	0.0	0.0	0.0
ptg000086l	26501	26502	0.0	0.0	1.0	0.0
ptg000086l	26601	26602	0.0	0.0	0.0	0.0
ptg000086l	26701	26702	2.0	0.0	0.0	1.0
ptg000086l	26801	26802	0.0	0.0	0.0	0.0
ptg000086l	26901	26902	2.0	0.0	0.0	0.0
ptg000086l	27001	27002	0.0	0.0	0.0	0.0
ptg000086l	27101	27102	0.0	0.0	0.0	0.0
ptg000086l	27201	27202	2.0	3.0	1.0	3.0
ptg000086l	27301	27302	1.0	8.0	1.0	1.0
ptg000086l	27401	27402	0.0	1.0	0.0	0.0
ptg000086l	27501	27502	0.0	1.0	0.0	0.0
ptg000086l	27601	27602	0.0	4.0	1.0	0.0
ptg000086l	27701	27702	1.0	2.0	1.0	0.0
ptg000086l	27801	27802	2.0	0.0	0.0	0.0
ptg000086l	27901	27902	3.0	2.0	0.0	1.0
ptg000086l	28001	28002	23.0	18.0	11.0	22.0
ptg000086l	28101	28102	19.0	13.0	14.0	22.0
ptg000086l	28201	28202	9.0	6.0	6.0	4.0
ptg000086l	28301	28302	2.0	3.0	4.0	6.0
ptg000086l	28401	28402	1.0	4.0	4.0	4.0
ptg000086l	28501	28502	0.0	0.0	2.0	0.0
ptg000086l	28601	28602	27.0	26.0	23.0	24.0
ptg000086l	28701	28702	41.0	47.0	51.0	35.0
ptg000086l	28801	28802	46.0	45.0	31.0	42.0
ptg000086l	28901	28902	58.0	81.0	60.0	57.0
ptg000086l	29001	29002	10.0	12.0	12.0	9.0
ptg000086l	29101	29102	12.0	14.0	13.0	6.0
ptg000086l	29201	29202	11.0	13.0	10.0	6.0
ptg000086l	29301	29302	0.0	0.0	0.0	0.0
ptg000086l	29401	29402	0.0	1.0	1.0	0.0
ptg000086l	29501	29502	2.0	2.0	3.0	6.0
ptg000086l	29601	29602	0.0	0.0	0.0	1.0
ptg000086l	29701	29702	5.0	4.0	2.0	1.0
ptg000086l	29801	29802	0.0	0.0	0.0	0.0
ptg000086l	29901	29902	3.0	5.0	1.0	1.0
ptg000086l	30001	30002	2.0	1.0	2.0	1.0
ptg000086l	30101	30102	0.0	0.0	2.0	0.0
ptg000086l	30201	30202	3.0	5.0	2.0	0.0
ptg000086l	30301	30302	8.0	7.0	3.0	3.0
ptg000086l	30401	30402	0.0	1.0	0.0	0.0
ptg000086l	30501	30502	0.0	1.0	0.0	0.0
ptg000086l	30601	30602	0.0	3.0	1.0	0.0
ptg000086l	30701	30702	1.0	1.0	4.0	0.0
ptg000086l	30801	30802	1.0	3.0	0.0	1.0
ptg000086l	30901	30902	27.0	17.0	23.0	11.0
ptg000086l	31001	31002	59.0	38.0	33.0	31.0
ptg000086l	31101	31102	37.0	28.0	29.0	24.0
ptg000086l	31201	31202	7.0	5.0	2.0	8.0
ptg000086l	31301	31302	32.0	25.0	25.0	22.0
ptg000086l	31401	31402	43.0	35.0	34.0	32.0
ptg000086l	31501	31502	10.0	29.0	28.0	18.0
ptg000086l	31601	31602	0.0	0.0	0.0	0.0
ptg000086l	31701	31702	0.0	0.0	0.0	0.0
ptg000086l	31801	31802	1.0	0.0	0.0	0.0
ptg000086l	31901	31902	1.0	0.0	0.0	0.0
ptg000086l	32001	32002	0.0	2.0	0.0	0.0
ptg000086l	32101	32102	0.0	0.0	0.0	0.0
ptg000086l	32201	32202	0.0	0.0	0.0	0.0
ptg000086l	32301	32302	0.0	0.0	0.0	1.0
ptg000086l	32401	32402	2.0	2.0	3.0	0.0
ptg000086l	32501	32502	0.0	0.0	0.0	0.0
ptg000086l	32601	32602	2.0	0.0	0.0	1.0
ptg000086l	32701	32702	1.0	1.0	0.0	2.0
ptg000086l	32801	32802	0.0	0.0	0.0	0.0
ptg000086l	32901	32902	1.0	0.0	0.0	0.0
ptg000086l	33001	33002	0.0	0.0	0.0	0.0
ptg000086l	33101	33102	3.0	5.0	9.0	8.0
ptg000086l	33201	33202	7.0	6.0	13.0	11.0
ptg000086l	33301	33302	0.0	0.0	1.0	0.0
ptg000086l	33401	33402	0.0	0.0	0.0	0.0
ptg000086l	33501	33502	4.0	6.0	5.0	3.0
ptg000086l	33601	33602	19.0	25.0	27.0	19.0
ptg000086l	33701	33702	24.0	20.0	24.0	16.0
ptg000086l	33801	33802	9.0	8.0	11.0	4.0
ptg000086l	33901	33902	4.0	3.0	2.0	2.0
ptg000086l	34001	34002	5.0	4.0	0.0	0.0
ptg000086l	34101	34102	0.0	0.0	0.0	0.0
ptg000086l	34201	34202	18.0	14.0	7.0	15.0
ptg000086l	34301	34302	41.0	28.0	19.0	28.0
ptg000086l	34401	34402	36.0	42.0	24.0	22.0
ptg000086l	34501	34502	28.0	22.0	22.0	23.0
ptg000086l	34601	34602	2.0	0.0	1.0	1.0
ptg000086l	34701	34702	0.0	0.0	0.0	1.0
ptg000086l	34801	34802	0.0	0.0	0.0	0.0
ptg000086l	34901	34902	0.0	0.0	0.0	0.0
ptg000086l	35001	35002	0.0	1.0	0.0	0.0
ptg000086l	35101	35102	1.0	1.0	0.0	1.0
ptg000086l	35201	35202	0.0	0.0	0.0	0.0
ptg000086l	35301	35302	0.0	0.0	0.0	0.0
ptg000086l	35401	35402	2.0	1.0	3.0	1.0
ptg000086l	35501	35502	2.0	2.0	2.0	1.0
ptg000086l	35601	35602	0.0	0.0	0.0	1.0
ptg000086l	35701	35702	0.0	2.0	0.0	1.0
ptg000086l	35801	35802	0.0	1.0	2.0	0.0
ptg000086l	35901	35902	0.0	0.0	2.0	0.0
ptg000086l	36001	36002	0.0	0.0	0.0	0.0
ptg000086l	36101	36102	0.0	0.0	0.0	0.0
ptg000086l	36201	36202	0.0	1.0	0.0	0.0
ptg000086l	36301	36302	0.0	0.0	0.0	0.0
ptg000086l	36401	36402	4.0	7.0	1.0	4.0
ptg000086l	36501	36502	22.0	14.0	9.0	16.0
ptg000086l	36601	36602	26.0	15.0	15.0	21.0
ptg000086l	36701	36702	9.0	5.0	8.0	8.0
ptg000086l	36801	36802	6.0	2.0	3.0	7.0
ptg000086l	36901	36902	6.0	1.0	3.0	4.0
ptg000086l	37001	37002	0.0	0.0	1.0	1.0
ptg000086l	37101	37102	24.0	16.0	13.0	18.0
ptg000086l	37201	37202	45.0	31.0	33.0	42.0
ptg000086l	37301	37302	27.0	25.0	30.0	40.0
ptg000086l	37401	37402	27.0	23.0	17.0	29.0
ptg000086l	37501	37502	0.0	2.0	0.0	0.0
ptg000086l	37601	37602	0.0	1.0	2.0	1.0
ptg000086l	37701	37702	0.0	0.0	0.0	0.0
ptg000086l	37801	37802	0.0	0.0	0.0	0.0
ptg000086l	37901	37902	1.0	1.0	0.0	0.0
ptg000086l	38001	38002	1.0	2.0	1.0	0.0
ptg000086l	38101	38102	0.0	0.0	0.0	0.0
ptg000086l	38201	38202	0.0	1.0	0.0	0.0
ptg000086l	38301	38302	3.0	1.0	0.0	0.0
ptg000086l	38401	38402	2.0	0.0	0.0	0.0
ptg000086l	38501	38502	2.0	1.0	1.0	0.0
ptg000086l	38601	38602	1.0	0.0	0.0	0.0
ptg000086l	38701	38702	0.0	0.0	0.0	0.0
ptg000086l	38801	38802	0.0	0.0	0.0	0.0
ptg000086l	38901	38902	0.0	0.0	1.0	0.0
ptg000086l	39001	39002	6.0	5.0	6.0	1.0
ptg000086l	39101	39102	4.0	3.0	1.0	5.0
ptg000086l	39201	39202	0.0	2.0	0.0	0.0
ptg000086l	39301	39302	0.0	3.0	0.0	0.0
ptg000086l	39401	39402	1.0	4.0	0.0	1.0
ptg000086l	39501	39502	1.0	2.0	0.0	1.0
ptg000086l	39601	39602	0.0	0.0	0.0	0.0
ptg000086l	39701	39702	14.0	17.0	11.0	14.0
ptg000086l	39801	39802	21.0	22.0	14.0	30.0
ptg000086l	39901	39902	19.0	17.0	12.0	17.0
ptg000086l	40001	40002	0.0	0.0	0.0	0.0
ptg000086l	40101	40102	6.0	4.0	1.0	2.0
ptg000086l	40201	40202	3.0	3.0	0.0	1.0
ptg000086l	40301	40302	0.0	2.0	0.0	2.0
ptg000086l	40401	40402	25.0	25.0	19.0	28.0
ptg000086l	40501	40502	37.0	25.0	26.0	35.0
ptg000086l	40601	40602	38.0	30.0	29.0	40.0
ptg000086l	40701	40702	16.0	19.0	18.0	16.0
ptg000086l	40801	40802	0.0	0.0	1.0	0.0
ptg000086l	40901	40902	0.0	0.0	0.0	0.0
ptg000086l	41001	41002	0.0	0.0	0.0	0.0
ptg000086l	41101	41102	0.0	0.0	0.0	0.0
ptg000086l	41201	41202	2.0	1.0	0.0	0.0
ptg000086l	41301	41302	1.0	1.0	0.0	0.0
ptg000086l	41401	41402	0.0	0.0	0.0	0.0
ptg000086l	41501	41502	0.0	0.0	0.0	0.0
ptg000086l	41601	41602	0.0	0.0	0.0	0.0
ptg000086l	41701	41702	0.0	0.0	0.0	1.0
ptg000086l	41801	41802	1.0	0.0	0.0	0.0
ptg000086l	41901	41902	4.0	6.0	4.0	0.0
ptg000086l	42001	42002	0.0	3.0	0.0	2.0
ptg000086l	42101	42102	0.0	0.0	0.0	0.0
ptg000086l	42201	42202	0.0	0.0	0.0	0.0
ptg000086l	42301	42302	1.0	7.0	3.0	12.0
ptg000086l	42401	42402	4.0	5.0	6.0	9.0
ptg000086l	42501	42502	0.0	0.0	0.0	0.0
ptg000086l	42601	42602	0.0	0.0	0.0	0.0
ptg000086l	42701	42702	0.0	0.0	0.0	0.0
ptg000086l	42801	42802	0.0	0.0	0.0	0.0
ptg000086l	42901	42902	0.0	0.0	0.0	0.0
ptg000086l	43001	43002	0.0	0.0	0.0	0.0
ptg000086l	43101	43102	0.0	0.0	0.0	0.0
ptg000086l	43201	43202	0.0	0.0	0.0	0.0
ptg000086l	43301	43302	0.0	0.0	2.0	0.0
ptg000086l	43401	43402	0.0	0.0	0.0	0.0
ptg000086l	43501	43502	1.0	1.0	1.0	1.0
ptg000086l	43601	43602	0.0	1.0	0.0	0.0
ptg000086l	43701	43702	3.0	1.0	0.0	3.0
ptg000086l	43801	43802	1.0	0.0	0.0	0.0
ptg000086l	43901	43902	2.0	3.0	2.0	1.0
ptg000086l	44001	44002	30.0	32.0	22.0	24.0
ptg000086l	44101	44102	233.0	217.0	125.0	264.0
ptg000086l	44201	44202	203.0	194.0	110.0	233.0
ptg000086l	44301	44302	6.0	9.0	4.0	5.0
ptg000086l	44401	44402	0.0	3.0	0.0	0.0
ptg000086l	44501	44502	2.0	9.0	2.0	4.0
ptg000086l	44601	44602	13.0	14.0	9.0	15.0
ptg000086l	44701	44702	6.0	1.0	2.0	3.0
ptg000086l	44801	44802	1.0	0.0	0.0	1.0
ptg000086l	44901	44902	0.0	0.0	0.0	0.0
ptg000086l	45001	45002	0.0	0.0	0.0	0.0
ptg000086l	45101	45102	0.0	0.0	0.0	0.0
ptg000086l	45201	45202	1.0	0.0	0.0	1.0
ptg000086l	45301	45302	2.0	0.0	0.0	0.0
ptg000086l	45401	45402	0.0	0.0	0.0	0.0
ptg000086l	45501	45502	0.0	0.0	0.0	0.0
ptg000086l	45601	45602	0.0	1.0	0.0	0.0
ptg000086l	45701	45702	3.0	0.0	0.0	0.0
ptg000086l	45801	45802	1.0	1.0	0.0	1.0
ptg000086l	45901	45902	0.0	0.0	0.0	0.0
ptg000086l	46001	46002	0.0	2.0	2.0	0.0
ptg000086l	46101	46102	0.0	0.0	1.0	0.0
ptg000086l	46201	46202	0.0	0.0	0.0	0.0
ptg000086l	46301	46302	0.0	2.0	3.0	3.0
ptg000086l	46401	46402	1.0	0.0	2.0	2.0
ptg000086l	46501	46502	0.0	0.0	0.0	0.0
ptg000086l	46601	46602	0.0	0.0	1.0	0.0
ptg000086l	46701	46702	1.0	2.0	3.0	2.0
ptg000086l	46801	46802	0.0	2.0	2.0	1.0
ptg000086l	46901	46902	1.0	4.0	2.0	4.0
ptg000086l	47001	47002	25.0	22.0	14.0	20.0
ptg000086l	47101	47102	27.0	23.0	20.0	21.0
ptg000086l	47201	47202	15.0	9.0	8.0	6.0
ptg000086l	47301	47302	5.0	2.0	5.0	1.0
ptg000086l	47401	47402	2.0	4.0	4.0	3.0
ptg000086l	47501	47502	0.0	0.0	1.0	0.0
ptg000086l	47601	47602	8.0	15.0	11.0	11.0
ptg000086l	47701	47702	35.0	46.0	31.0	32.0
ptg000086l	47801	47802	30.0	40.0	34.0	22.0
ptg000086l	47901	47902	24.0	38.0	28.0	23.0
ptg000086l	48001	48002	6.0	8.0	6.0	7.0
ptg000086l	48101	48102	1.0	0.0	1.0	0.0
ptg000086l	48201	48202	4.0	0.0	0.0	2.0
ptg000086l	48301	48302	26.0	19.0	22.0	28.0
ptg000086l	48401	48402	2.0	1.0	5.0	5.0
ptg000086l	48501	48502	0.0	0.0	1.0	0.0
ptg000086l	48601	48602	0.0	3.0	3.0	6.0
ptg000086l	48701	48702	0.0	1.0	2.0	2.0
ptg000086l	48801	48802	2.0	0.0	0.0	2.0
ptg000086l	48901	48902	3.0	0.0	0.0	0.0
ptg000086l	49001	49002	2.0	1.0	0.0	1.0
ptg000086l	49101	49102	0.0	1.0	0.0	2.0
ptg000086l	49201	49202	4.0	2.0	0.0	2.0
ptg000086l	49301	49302	0.0	0.0	0.0	0.0
ptg000086l	49401	49402	0.0	0.0	0.0	0.0
ptg000086l	49501	49502	1.0	0.0	1.0	0.0
ptg000086l	49601	49602	1.0	0.0	1.0	0.0
ptg000086l	49701	49702	0.0	0.0	0.0	0.0
ptg000086l	49801	49802	11.0	4.0	10.0	14.0
ptg000086l	49901	49902	25.0	21.0	22.0	33.0
ptg000086l	50001	50002	21.0	26.0	24.0	27.0
ptg000086l	50101	50102	8.0	13.0	11.0	9.0
ptg000086l	50201	50202	0.0	0.0	0.0	0.0
ptg000086l	50301	50302	0.0	0.0	0.0	1.0
ptg000086l	50401	50402	0.0	0.0	0.0	2.0
ptg000086l	50501	50502	14.0	18.0	13.0	14.0
ptg000086l	50601	50602	13.0	17.0	10.0	10.0
ptg000086l	50701	50702	7.0	8.0	4.0	3.0
ptg000086l	50801	50802	34.0	39.0	25.0	28.0
ptg000086l	50901	50902	42.0	47.0	29.0	22.0
ptg000086l	51001	51002	31.0	32.0	23.0	14.0
ptg000086l	51101	51102	8.0	5.0	3.0	5.0
ptg000086l	51201	51202	0.0	0.0	0.0	0.0
ptg000086l	51301	51302	1.0	1.0	0.0	1.0
ptg000086l	51401	51402	5.0	5.0	4.0	2.0
ptg000086l	51501	51502	7.0	5.0	6.0	3.0
ptg000086l	51601	51602	0.0	0.0	0.0	0.0
ptg000086l	51701	51702	0.0	0.0	0.0	0.0
ptg000086l	51801	51802	0.0	0.0	1.0	0.0
ptg000086l	51901	51902	0.0	0.0	0.0	1.0
ptg000086l	52001	52002	4.0	1.0	1.0	3.0
ptg000086l	52101	52102	0.0	1.0	1.0	2.0
ptg000086l	52201	52202	0.0	0.0	0.0	0.0
ptg000086l	52301	52302	0.0	0.0	0.0	1.0
ptg000086l	52401	52402	0.0	0.0	0.0	0.0
ptg000086l	52501	52502	0.0	3.0	3.0	0.0
ptg000086l	52601	52602	3.0	4.0	2.0	0.0
ptg000086l	52701	52702	1.0	1.0	0.0	0.0
ptg000086l	52801	52802	0.0	0.0	0.0	0.0
ptg000086l	52901	52902	0.0	0.0	1.0	1.0
ptg000086l	53001	53002	0.0	0.0	0.0	1.0
ptg000086l	53101	53102	0.0	0.0	0.0	0.0
ptg000086l	53201	53202	21.0	10.0	6.0	14.0
ptg000086l	53301	53302	44.0	29.0	13.0	23.0
ptg000086l	53401	53402	38.0	26.0	16.0	13.0
ptg000086l	53501	53502	4.0	7.0	5.0	3.0
ptg000086l	53601	53602	0.0	6.0	4.0	0.0
ptg000086l	53701	53702	5.0	4.0	10.0	3.0
ptg000086l	53801	53802	0.0	1.0	0.0	1.0
ptg000086l	53901	53902	6.0	18.0	8.0	11.0
ptg000086l	54001	54002	11.0	20.0	9.0	15.0
ptg000086l	54101	54102	5.0	2.0	1.0	2.0
ptg000086l	54201	54202	2.0	3.0	4.0	3.0
ptg000086l	54301	54302	1.0	0.0	1.0	0.0
ptg000086l	54401	54402	0.0	0.0	0.0	2.0
ptg000086l	54501	54502	0.0	0.0	0.0	1.0
ptg000086l	54601	54602	0.0	0.0	0.0	0.0
ptg000086l	54701	54702	1.0	0.0	4.0	1.0
ptg000086l	54801	54802	13.0	11.0	10.0	2.0
ptg000086l	54901	54902	3.0	4.0	2.0	1.0
ptg000086l	55001	55002	0.0	0.0	1.0	0.0
ptg000086l	55101	55102	1.0	0.0	1.0	1.0
ptg000086l	55201	55202	36.0	24.0	20.0	25.0
ptg000086l	55301	55302	41.0	32.0	24.0	28.0
ptg000086l	55401	55402	25.0	18.0	12.0	15.0
ptg000086l	55501	55502	3.0	1.0	0.0	3.0
ptg000086l	55601	55602	4.0	2.0	2.0	2.0
ptg000086l	55701	55702	2.0	3.0	1.0	1.0
ptg000086l	55801	55802	3.0	3.0	5.0	2.0
ptg000086l	55901	55902	7.0	12.0	12.0	10.0
ptg000086l	56001	56002	2.0	4.0	13.0	8.0
ptg000086l	56101	56102	2.0	1.0	2.0	0.0
ptg000086l	56201	56202	2.0	1.0	0.0	0.0
ptg000086l	56301	56302	0.0	0.0	1.0	0.0
ptg000086l	56401	56402	0.0	2.0	2.0	0.0
ptg000086l	56501	56502	0.0	0.0	0.0	0.0
ptg000086l	56601	56602	0.0	0.0	0.0	1.0
ptg000086l	56701	56702	5.0	3.0	2.0	0.0
ptg000086l	56801	56802	1.0	2.0	1.0	2.0
ptg000086l	56901	56902	0.0	0.0	0.0	0.0
ptg000086l	57001	57002	0.0	0.0	0.0	0.0
ptg000086l	57101	57102	2.0	3.0	2.0	2.0
ptg000086l	57201	57202	7.0	7.0	7.0	4.0
ptg000086l	57301	57302	1.0	4.0	1.0	1.0
ptg000086l	57401	57402	2.0	0.0	1.0	1.0
ptg000086l	57501	57502	0.0	0.0	0.0	0.0
ptg000086l	57601	57602	0.0	0.0	0.0	0.0
ptg000086l	57701	57702	0.0	0.0	0.0	0.0
ptg000086l	57801	57802	0.0	2.0	2.0	0.0
ptg000086l	57901	57902	0.0	1.0	0.0	0.0
ptg000086l	58001	58002	0.0	0.0	0.0	0.0
ptg000086l	58101	58102	0.0	0.0	0.0	0.0
ptg000086l	58201	58202	0.0	0.0	0.0	0.0
ptg000086l	58301	58302	0.0	0.0	0.0	0.0
ptg000086l	58401	58402	0.0	0.0	1.0	0.0
ptg000086l	58501	58502	1.0	2.0	0.0	0.0
ptg000086l	58601	58602	1.0	2.0	0.0	1.0
ptg000086l	58701	58702	0.0	0.0	0.0	2.0
ptg000086l	58801	58802	1.0	0.0	0.0	2.0
ptg000086l	58901	58902	4.0	3.0	1.0	5.0
ptg000086l	59001	59002	0.0	0.0	0.0	0.0
ptg000086l	59101	59102	0.0	0.0	0.0	0.0
ptg000086l	59201	59202	12.0	8.0	6.0	6.0
ptg000086l	59301	59302	14.0	8.0	5.0	6.0
ptg000086l	59401	59402	5.0	10.0	3.0	8.0
ptg000086l	59501	59502	10.0	14.0	4.0	7.0
ptg000086l	59601	59602	0.0	3.0	1.0	1.0
ptg000086l	59701	59702	0.0	3.0	2.0	3.0
ptg000086l	59801	59802	1.0	2.0	2.0	1.0
ptg000086l	59901	59902	2.0	1.0	2.0	2.0
ptg000086l	60001	60002	8.0	15.0	13.0	6.0
ptg000086l	60101	60102	5.0	14.0	7.0	6.0
ptg000086l	60201	60202	2.0	4.0	0.0	0.0
ptg000086l	60301	60302	0.0	0.0	0.0	0.0
ptg000086l	60401	60402	0.0	0.0	0.0	1.0
ptg000086l	60501	60502	0.0	2.0	1.0	1.0
ptg000086l	60601	60602	1.0	4.0	0.0	0.0
ptg000086l	60701	60702	1.0	4.0	1.0	1.0
ptg000086l	60801	60802	4.0	1.0	2.0	3.0
ptg000086l	60901	60902	4.0	2.0	2.0	3.0
ptg000086l	61001	61002	0.0	0.0	0.0	0.0
ptg000086l	61101	61102	0.0	2.0	0.0	1.0
ptg000086l	61201	61202	1.0	0.0	3.0	1.0
ptg000086l	61301	61302	4.0	2.0	7.0	12.0
ptg000086l	61401	61402	2.0	2.0	2.0	6.0
ptg000086l	61501	61502	1.0	1.0	0.0	1.0
ptg000086l	61601	61602	0.0	0.0	0.0	0.0
ptg000086l	61701	61702	0.0	0.0	0.0	1.0
ptg000086l	61801	61802	1.0	1.0	2.0	0.0
ptg000086l	61901	61902	7.0	13.0	16.0	5.0
ptg000086l	62001	62002	0.0	2.0	3.0	4.0
ptg000086l	62101	62102	0.0	0.0	0.0	0.0
ptg000086l	62201	62202	4.0	6.0	1.0	1.0
ptg000086l	62301	62302	21.0	21.0	22.0	16.0
ptg000086l	62401	62402	3.0	0.0	0.0	0.0
ptg000086l	62501	62502	0.0	1.0	0.0	1.0
ptg000086l	62601	62602	1.0	4.0	1.0	1.0
ptg000086l	62701	62702	13.0	9.0	8.0	8.0
ptg000086l	62801	62802	0.0	0.0	0.0	0.0
ptg000086l	62901	62902	0.0	0.0	0.0	0.0
ptg000086l	63001	63002	1.0	0.0	0.0	0.0
ptg000086l	63101	63102	0.0	0.0	0.0	0.0
ptg000086l	63201	63202	0.0	0.0	0.0	0.0
ptg000086l	63301	63302	1.0	0.0	0.0	0.0
ptg000086l	63401	63402	1.0	1.0	0.0	2.0
ptg000086l	63501	63502	0.0	1.0	0.0	1.0
ptg000086l	63601	63602	1.0	0.0	0.0	0.0
ptg000086l	63701	63702	0.0	0.0	0.0	3.0
ptg000086l	63801	63802	1.0	1.0	0.0	5.0
ptg000086l	63901	63902	0.0	0.0	0.0	1.0
ptg000086l	64001	64002	1.0	0.0	0.0	0.0
ptg000086l	64101	64102	1.0	0.0	0.0	0.0
ptg000086l	64201	64202	2.0	1.0	1.0	1.0
ptg000086l	64301	64302	0.0	0.0	1.0	0.0
ptg000086l	64401	64402	11.0	8.0	6.0	10.0
ptg000086l	64501	64502	28.0	22.0	16.0	27.0
ptg000086l	64601	64602	30.0	27.0	20.0	19.0
ptg000086l	64701	64702	14.0	17.0	11.0	7.0
ptg000086l	64801	64802	3.0	1.0	3.0	2.0
ptg000086l	64901	64902	3.0	1.0	0.0	3.0
ptg000086l	65001	65002	0.0	0.0	0.0	0.0
ptg000086l	65101	65102	11.0	10.0	5.0	8.0
ptg000086l	65201	65202	14.0	19.0	3.0	15.0
ptg000086l	65301	65302	3.0	9.0	1.0	5.0
ptg000086l	65401	65402	2.0	1.0	0.0	2.0
ptg000086l	65501	65502	1.0	1.0	1.0	1.0
ptg000086l	65601	65602	1.0	0.0	0.0	0.0
ptg000086l	65701	65702	1.0	0.0	2.0	1.0
ptg000086l	65801	65802	1.0	0.0	0.0	0.0
ptg000086l	65901	65902	1.0	0.0	0.0	0.0
ptg000086l	66001	66002	12.0	11.0	15.0	3.0
ptg000086l	66101	66102	7.0	4.0	8.0	2.0
ptg000086l	66201	66202	1.0	1.0	0.0	0.0
ptg000086l	66301	66302	0.0	0.0	0.0	1.0
ptg000086l	66401	66402	10.0	14.0	14.0	13.0
ptg000086l	66501	66502	31.0	29.0	32.0	30.0
ptg000086l	66601	66602	18.0	25.0	19.0	20.0
ptg000086l	66701	66702	2.0	4.0	1.0	8.0
ptg000086l	66801	66802	2.0	5.0	1.0	3.0
ptg000086l	66901	66902	0.0	3.0	0.0	2.0
ptg000086l	67001	67002	0.0	0.0	0.0	0.0
ptg000086l	67101	67102	12.0	10.0	8.0	6.0
ptg000086l	67201	67202	11.0	13.0	8.0	10.0
ptg000086l	67301	67302	2.0	0.0	0.0	2.0
ptg000086l	67401	67402	0.0	5.0	2.0	4.0
ptg000086l	67501	67502	0.0	0.0	0.0	0.0
ptg000086l	67601	67602	0.0	0.0	0.0	0.0
ptg000086l	67701	67702	0.0	1.0	0.0	0.0
ptg000086l	67801	67802	0.0	0.0	0.0	0.0
ptg000086l	67901	67902	4.0	3.0	1.0	2.0
ptg000086l	68001	68002	3.0	6.0	3.0	5.0
ptg000086l	68101	68102	1.0	0.0	0.0	0.0
ptg000086l	68201	68202	1.0	0.0	2.0	2.0
ptg000086l	68301	68302	12.0	13.0	16.0	21.0
ptg000086l	68401	68402	21.0	24.0	24.0	32.0
ptg000086l	68501	68502	8.0	13.0	13.0	15.0
ptg000086l	68601	68602	0.0	0.0	0.0	0.0
ptg000086l	68701	68702	0.0	0.0	0.0	0.0
ptg000086l	68801	68802	0.0	2.0	0.0	1.0
ptg000086l	68901	68902	0.0	0.0	0.0	1.0
ptg000086l	69001	69002	1.0	1.0	0.0	1.0
ptg000086l	69101	69102	1.0	2.0	0.0	0.0
ptg000086l	69201	69202	0.0	0.0	0.0	0.0
ptg000086l	69301	69302	1.0	0.0	0.0	0.0
ptg000086l	69401	69402	1.0	0.0	1.0	0.0
ptg000086l	69501	69502	0.0	2.0	1.0	1.0
ptg000086l	69601	69602	0.0	0.0	0.0	2.0
ptg000086l	69701	69702	0.0	0.0	0.0	0.0
ptg000086l	69801	69802	0.0	0.0	0.0	0.0
ptg000086l	69901	69902	0.0	0.0	0.0	0.0
ptg000086l	70001	70002	3.0	5.0	3.0	2.0
ptg000086l	70101	70102	20.0	19.0	17.0	15.0
ptg000086l	70201	70202	9.0	7.0	10.0	10.0
ptg000086l	70301	70302	0.0	0.0	0.0	0.0
ptg000086l	70401	70402	24.0	10.0	21.0	13.0
ptg000086l	70501	70502	29.0	15.0	22.0	12.0
ptg000086l	70601	70602	3.0	2.0	1.0	3.0
ptg000086l	70701	70702	77.0	35.0	40.0	31.0
ptg000086l	70801	70802	403.0	255.0	314.0	206.0
ptg000086l	70901	70902	567.0	320.0	425.0	282.0
ptg000086l	71001	71002	26.0	16.0	20.0	15.0
ptg000086l	71101	71102	6.0	4.0	4.0	4.0
ptg000086l	71201	71202	56.0	34.0	57.0	25.0
ptg000086l	71301	71302	36.0	29.0	43.0	24.0
ptg000086l	71401	71402	5.0	4.0	9.0	9.0
ptg000086l	71501	71502	0.0	0.0	2.0	0.0
ptg000086l	71601	71602	0.0	0.0	0.0	0.0
ptg000086l	71701	71702	0.0	0.0	0.0	0.0
ptg000086l	71801	71802	0.0	0.0	0.0	0.0
ptg000086l	71901	71902	0.0	0.0	1.0	0.0
ptg000086l	72001	72002	0.0	0.0	2.0	0.0
ptg000086l	72101	72102	0.0	4.0	1.0	0.0
ptg000086l	72201	72202	2.0	4.0	1.0	2.0
ptg000086l	72301	72302	11.0	19.0	4.0	8.0
ptg000086l	72401	72402	16.0	18.0	13.0	9.0
ptg000086l	72501	72502	0.0	3.0	1.0	3.0
ptg000086l	72601	72602	0.0	2.0	2.0	0.0
ptg000086l	72701	72702	0.0	0.0	0.0	0.0
ptg000086l	72801	72802	1.0	0.0	0.0	0.0
ptg000086l	72901	72902	0.0	0.0	0.0	0.0
ptg000086l	73001	73002	0.0	2.0	4.0	0.0
ptg000086l	73101	73102	0.0	1.0	3.0	1.0
ptg000086l	73201	73202	2.0	3.0	4.0	2.0
ptg000086l	73301	73302	1.0	1.0	0.0	2.0
ptg000086l	73401	73402	7.0	1.0	1.0	5.0
ptg000086l	73501	73502	6.0	2.0	3.0	4.0
ptg000086l	73601	73602	0.0	0.0	1.0	0.0
ptg000086l	73701	73702	3.0	0.0	0.0	0.0
ptg000086l	73801	73802	9.0	13.0	12.0	15.0
ptg000086l	73901	73902	5.0	17.0	12.0	16.0
ptg000086l	74001	74002	1.0	6.0	0.0	2.0
ptg000086l	74101	74102	0.0	2.0	0.0	1.0
ptg000086l	74201	74202	0.0	0.0	0.0	0.0
ptg000086l	74301	74302	0.0	0.0	0.0	0.0
ptg000086l	74401	74402	1.0	0.0	1.0	0.0
ptg000086l	74501	74502	2.0	4.0	0.0	0.0
ptg000086l	74601	74602	0.0	0.0	0.0	0.0
ptg000086l	74701	74702	0.0	1.0	0.0	0.0
ptg000086l	74801	74802	1.0	0.0	0.0	0.0
ptg000086l	74901	74902	0.0	1.0	1.0	0.0
ptg000086l	75001	75002	1.0	4.0	0.0	0.0
ptg000086l	75101	75102	2.0	4.0	0.0	0.0
ptg000086l	75201	75202	9.0	8.0	4.0	1.0
ptg000086l	75301	75302	1.0	1.0	0.0	0.0
ptg000086l	75401	75402	0.0	0.0	0.0	0.0
ptg000086l	75501	75502	2.0	0.0	1.0	1.0
ptg000086l	75601	75602	3.0	9.0	2.0	5.0
ptg000086l	75701	75702	4.0	10.0	1.0	2.0
ptg000086l	75801	75802	0.0	0.0	0.0	0.0
ptg000086l	75901	75902	0.0	0.0	0.0	0.0
ptg000086l	76001	76002	0.0	0.0	2.0	0.0
ptg000086l	76101	76102	0.0	0.0	0.0	0.0
ptg000086l	76201	76202	0.0	0.0	0.0	0.0
ptg000086l	76301	76302	0.0	0.0	0.0	0.0
ptg000086l	76401	76402	0.0	0.0	0.0	0.0
ptg000086l	76501	76502	1.0	0.0	0.0	0.0
ptg000086l	76601	76602	0.0	2.0	2.0	0.0
ptg000086l	76701	76702	0.0	0.0	0.0	0.0
ptg000086l	76801	76802	2.0	1.0	0.0	2.0
ptg000086l	76901	76902	0.0	0.0	0.0	0.0
ptg000086l	77001	77002	1.0	2.0	4.0	1.0
ptg000086l	77101	77102	0.0	1.0	1.0	0.0
ptg000086l	77201	77202	3.0	2.0	3.0	3.0
ptg000086l	77301	77302	0.0	1.0	2.0	0.0
ptg000086l	77401	77402	0.0	0.0	0.0	0.0
ptg000086l	77501	77502	0.0	0.0	0.0	0.0
ptg000086l	77601	77602	5.0	4.0	4.0	5.0
ptg000086l	77701	77702	3.0	6.0	5.0	6.0
ptg000086l	77801	77802	2.0	0.0	0.0	0.0
ptg000086l	77901	77902	0.0	1.0	0.0	0.0
ptg000086l	78001	78002	0.0	0.0	0.0	0.0
ptg000086l	78101	78102	0.0	0.0	0.0	0.0
ptg000086l	78201	78202	1.0	0.0	0.0	0.0
ptg000086l	78301	78302	1.0	1.0	0.0	0.0
ptg000086l	78401	78402	0.0	0.0	0.0	1.0
ptg000086l	78501	78502	0.0	0.0	0.0	0.0
ptg000086l	78601	78602	0.0	0.0	0.0	0.0
ptg000086l	78701	78702	0.0	0.0	1.0	0.0
ptg000086l	78801	78802	3.0	1.0	3.0	0.0
ptg000086l	78901	78902	2.0	0.0	0.0	0.0
ptg000086l	79001	79002	0.0	0.0	2.0	0.0
ptg000086l	79101	79102	0.0	0.0	0.0	0.0
ptg000086l	79201	79202	1.0	0.0	0.0	0.0
ptg000086l	79301	79302	9.0	2.0	3.0	3.0
ptg000086l	79401	79402	3.0	1.0	1.0	4.0
ptg000086l	79501	79502	1.0	0.0	0.0	2.0
ptg000086l	79601	79602	0.0	0.0	0.0	0.0
ptg000086l	79701	79702	1.0	0.0	0.0	1.0
ptg000086l	79801	79802	0.0	0.0	0.0	1.0
ptg000086l	79901	79902	0.0	0.0	0.0	1.0
ptg000086l	80001	80002	18.0	15.0	21.0	27.0
ptg000086l	80101	80102	23.0	22.0	27.0	33.0
ptg000086l	80201	80202	15.0	17.0	23.0	18.0
ptg000086l	80301	80302	4.0	0.0	1.0	1.0
ptg000086l	80401	80402	4.0	1.0	5.0	4.0
ptg000086l	80501	80502	1.0	1.0	0.0	2.0
ptg000086l	80601	80602	8.0	2.0	7.0	2.0
ptg000086l	80701	80702	32.0	24.0	31.0	33.0
ptg000086l	80801	80802	28.0	36.0	32.0	43.0
ptg000086l	80901	80902	26.0	39.0	24.0	36.0
ptg000086l	81001	81002	7.0	22.0	13.0	15.0
ptg000086l	81101	81102	0.0	0.0	0.0	0.0
ptg000086l	81201	81202	0.0	0.0	0.0	1.0
ptg000086l	81301	81302	0.0	0.0	0.0	0.0
ptg000086l	81401	81402	0.0	0.0	0.0	0.0
ptg000086l	81501	81502	2.0	2.0	0.0	0.0
ptg000086l	81601	81602	1.0	1.0	0.0	0.0
ptg000086l	81701	81702	0.0	0.0	0.0	0.0
ptg000086l	81801	81802	0.0	0.0	1.0	0.0
ptg000086l	81901	81902	0.0	0.0	0.0	0.0
ptg000086l	82001	82002	0.0	1.0	0.0	1.0
ptg000086l	82101	82102	1.0	0.0	0.0	1.0
ptg000086l	82201	82202	0.0	0.0	0.0	1.0
ptg000086l	82301	82302	1.0	0.0	2.0	3.0
ptg000086l	82401	82402	0.0	0.0	2.0	1.0
ptg000086l	82501	82502	0.0	1.0	0.0	0.0
ptg000086l	82601	82602	4.0	1.0	3.0	1.0
ptg000086l	82701	82702	1.0	0.0	0.0	0.0
ptg000086l	82801	82802	0.0	0.0	0.0	0.0
ptg000086l	82901	82902	1.0	1.0	0.0	1.0
ptg000086l	83001	83002	2.0	2.0	2.0	1.0
ptg000086l	83101	83102	1.0	0.0	0.0	0.0
ptg000086l	83201	83202	2.0	2.0	1.0	1.0
ptg000086l	83301	83302	3.0	3.0	1.0	1.0
ptg000086l	83401	83402	2.0	7.0	7.0	6.0
ptg000086l	83501	83502	0.0	3.0	4.0	4.0
ptg000086l	83601	83602	2.0	4.0	3.0	2.0
ptg000086l	83701	83702	4.0	5.0	4.0	4.0
ptg000086l	83801	83802	1.0	0.0	0.0	0.0
ptg000086l	83901	83902	9.0	11.0	11.0	10.0
ptg000086l	84001	84002	24.0	35.0	21.0	32.0
ptg000086l	84101	84102	22.0	31.0	23.0	31.0
ptg000086l	84201	84202	26.0	36.0	23.0	34.0
ptg000086l	84301	84302	25.0	29.0	23.0	25.0
ptg000086l	84401	84402	4.0	11.0	7.0	5.0
ptg000086l	84501	84502	5.0	6.0	3.0	1.0
ptg000086l	84601	84602	4.0	8.0	4.0	3.0
ptg000086l	84701	84702	3.0	4.0	2.0	3.0
ptg000086l	84801	84802	0.0	0.0	0.0	1.0
ptg000086l	84901	84902	1.0	4.0	0.0	2.0
ptg000086l	85001	85002	0.0	0.0	0.0	0.0
ptg000086l	85101	85102	0.0	1.0	1.0	0.0
ptg000086l	85201	85202	2.0	5.0	3.0	2.0
ptg000086l	85301	85302	0.0	0.0	2.0	1.0
ptg000086l	85401	85402	0.0	0.0	0.0	0.0
ptg000086l	85501	85502	0.0	0.0	0.0	1.0
ptg000086l	85601	85602	1.0	0.0	3.0	2.0
ptg000086l	85701	85702	0.0	0.0	1.0	0.0
ptg000086l	85801	85802	11.0	7.0	3.0	2.0
ptg000086l	85901	85902	32.0	22.0	18.0	19.0
ptg000086l	86001	86002	36.0	24.0	19.0	19.0
ptg000086l	86101	86102	19.0	15.0	8.0	3.0
ptg000086l	86201	86202	0.0	0.0	2.0	0.0
ptg000086l	86301	86302	1.0	0.0	0.0	0.0
ptg000086l	86401	86402	0.0	0.0	0.0	0.0
ptg000086l	86501	86502	18.0	14.0	14.0	8.0
ptg000086l	86601	86602	18.0	13.0	13.0	8.0
ptg000086l	86701	86702	0.0	1.0	1.0	0.0
ptg000086l	86801	86802	23.0	29.0	26.0	28.0
ptg000086l	86901	86902	29.0	43.0	34.0	33.0
ptg000086l	87001	87002	23.0	24.0	24.0	26.0
ptg000086l	87101	87102	6.0	17.0	11.0	14.0
ptg000086l	87201	87202	0.0	0.0	0.0	0.0
ptg000086l	87301	87302	0.0	0.0	0.0	0.0
ptg000086l	87401	87402	0.0	1.0	0.0	0.0
ptg000086l	87501	87502	1.0	10.0	4.0	3.0
ptg000086l	87601	87602	0.0	0.0	0.0	0.0
ptg000086l	87701	87702	0.0	0.0	0.0	0.0
ptg000086l	87801	87802	0.0	0.0	0.0	0.0
ptg000086l	87901	87902	0.0	0.0	0.0	0.0
ptg000086l	88001	88002	0.0	0.0	0.0	0.0
ptg000086l	88101	88102	0.0	0.0	0.0	0.0
ptg000086l	88201	88202	0.0	1.0	0.0	2.0
ptg000086l	88301	88302	1.0	0.0	0.0	1.0
ptg000086l	88401	88402	1.0	0.0	0.0	0.0
ptg000086l	88501	88502	1.0	0.0	3.0	0.0
ptg000086l	88601	88602	5.0	3.0	7.0	2.0
ptg000086l	88701	88702	0.0	3.0	3.0	0.0
ptg000086l	88801	88802	0.0	0.0	0.0	0.0
ptg000086l	88901	88902	1.0	1.0	0.0	1.0
ptg000086l	89001	89002	3.0	5.0	5.0	5.0
ptg000086l	89101	89102	1.0	0.0	2.0	0.0
ptg000086l	89201	89202	0.0	2.0	1.0	2.0
ptg000086l	89301	89302	14.0	12.0	11.0	14.0
ptg000086l	89401	89402	17.0	9.0	8.0	18.0
ptg000086l	89501	89502	5.0	2.0	0.0	2.0
ptg000086l	89601	89602	2.0	3.0	1.0	1.0
ptg000086l	89701	89702	1.0	0.0	0.0	0.0
ptg000086l	89801	89802	1.0	1.0	0.0	1.0
ptg000086l	89901	89902	0.0	1.0	0.0	1.0
ptg000086l	90001	90002	1.0	1.0	0.0	0.0
ptg000086l	90101	90102	2.0	4.0	2.0	0.0
ptg000086l	90201	90202	4.0	9.0	3.0	2.0
ptg000086l	90301	90302	2.0	0.0	0.0	0.0
ptg000086l	90401	90402	0.0	0.0	0.0	0.0
ptg000086l	90501	90502	1.0	0.0	0.0	0.0
ptg000086l	90601	90602	22.0	18.0	14.0	16.0
ptg000086l	90701	90702	24.0	25.0	15.0	19.0
ptg000086l	90801	90802	17.0	10.0	13.0	10.0
ptg000086l	90901	90902	2.0	1.0	1.0	1.0
ptg000086l	91001	91002	4.0	5.0	2.0	0.0
ptg000086l	91101	91102	4.0	1.0	0.0	0.0
ptg000086l	91201	91202	3.0	4.0	1.0	5.0
ptg000086l	91301	91302	16.0	13.0	9.0	20.0
ptg000086l	91401	91402	13.0	9.0	5.0	12.0
ptg000086l	91501	91502	3.0	2.0	0.0	2.0
ptg000086l	91601	91602	1.0	1.0	0.0	2.0
ptg000086l	91701	91702	0.0	0.0	0.0	0.0
ptg000086l	91801	91802	0.0	0.0	0.0	0.0
ptg000086l	91901	91902	0.0	0.0	1.0	0.0
ptg000086l	92001	92002	2.0	1.0	0.0	0.0
ptg000086l	92101	92102	8.0	6.0	3.0	2.0
ptg000086l	92201	92202	5.0	2.0	2.0	0.0
ptg000086l	92301	92302	1.0	0.0	2.0	0.0
ptg000086l	92401	92402	0.0	0.0	2.0	1.0
ptg000086l	92501	92502	15.0	14.0	16.0	16.0
ptg000086l	92601	92602	14.0	17.0	17.0	16.0
ptg000086l	92701	92702	7.0	8.0	6.0	6.0
ptg000086l	92801	92802	1.0	1.0	0.0	0.0
ptg000086l	92901	92902	0.0	0.0	0.0	0.0
ptg000086l	93001	93002	0.0	0.0	0.0	0.0
ptg000086l	93101	93102	0.0	0.0	0.0	2.0
ptg000086l	93201	93202	14.0	13.0	9.0	23.0
ptg000086l	93301	93302	3.0	2.0	1.0	2.0
ptg000086l	93401	93402	0.0	0.0	0.0	0.0
ptg000086l	93501	93502	0.0	0.0	0.0	0.0
ptg000086l	93601	93602	0.0	1.0	0.0	1.0
ptg000086l	93701	93702	4.0	3.0	3.0	1.0
ptg000086l	93801	93802	5.0	2.0	3.0	0.0
ptg000086l	93901	93902	0.0	0.0	0.0	2.0
ptg000086l	94001	94002	0.0	1.0	1.0	2.0
ptg000086l	94101	94102	0.0	1.0	1.0	0.0
ptg000086l	94201	94202	0.0	0.0	3.0	0.0
ptg000086l	94301	94302	3.0	2.0	3.0	1.0
ptg000086l	94401	94402	0.0	1.0	0.0	0.0
ptg000086l	94501	94502	0.0	0.0	0.0	0.0
ptg000086l	94601	94602	7.0	8.0	3.0	1.0
ptg000086l	94701	94702	6.0	8.0	1.0	2.0
ptg000086l	94801	94802	2.0	6.0	3.0	3.0
ptg000086l	94901	94902	9.0	12.0	12.0	5.0
ptg000086l	95001	95002	21.0	25.0	16.0	16.0
ptg000086l	95101	95102	16.0	23.0	15.0	13.0
ptg000086l	95201	95202	2.0	3.0	2.0	1.0
ptg000086l	95301	95302	2.0	7.0	1.0	7.0
ptg000086l	95401	95402	5.0	10.0	4.0	5.0
ptg000086l	95501	95502	0.0	0.0	0.0	0.0
ptg000086l	95601	95602	15.0	19.0	17.0	24.0
ptg000086l	95701	95702	31.0	29.0	37.0	39.0
ptg000086l	95801	95802	26.0	16.0	34.0	26.0
ptg000086l	95901	95902	21.0	19.0	28.0	13.0
ptg000086l	96001	96002	0.0	1.0	0.0	0.0
ptg000086l	96101	96102	0.0	2.0	0.0	0.0
ptg000086l	96201	96202	0.0	1.0	1.0	0.0
ptg000086l	96301	96302	0.0	0.0	0.0	0.0
ptg000086l	96401	96402	0.0	1.0	3.0	0.0
ptg000086l	96501	96502	1.0	3.0	3.0	0.0
ptg000086l	96601	96602	0.0	0.0	0.0	0.0
ptg000086l	96701	96702	0.0	0.0	0.0	0.0
ptg000086l	96801	96802	3.0	1.0	0.0	2.0
ptg000086l	96901	96902	1.0	1.0	0.0	0.0
ptg000086l	97001	97002	1.0	1.0	0.0	2.0
ptg000086l	97101	97102	5.0	2.0	6.0	4.0
ptg000086l	97201	97202	5.0	1.0	3.0	2.0
ptg000086l	97301	97302	0.0	0.0	0.0	0.0
ptg000086l	97401	97402	0.0	0.0	0.0	0.0
ptg000086l	97501	97502	1.0	0.0	2.0	2.0
ptg000086l	97601	97602	2.0	1.0	7.0	11.0
ptg000086l	97701	97702	0.0	0.0	3.0	3.0
ptg000086l	97801	97802	1.0	1.0	1.0	1.0
ptg000086l	97901	97902	0.0	0.0	0.0	0.0
ptg000086l	98001	98002	0.0	0.0	0.0	0.0
ptg000086l	98101	98102	0.0	0.0	1.0	0.0
ptg000086l	98201	98202	0.0	0.0	1.0	1.0
ptg000086l	98301	98302	0.0	0.0	0.0	0.0
ptg000086l	98401	98402	0.0	0.0	0.0	0.0
ptg000086l	98501	98502	0.0	0.0	2.0	0.0
ptg000086l	98601	98602	0.0	0.0	0.0	0.0
ptg000086l	98701	98702	1.0	0.0	0.0	0.0
ptg000086l	98801	98802	0.0	0.0	1.0	1.0
ptg000086l	98901	98902	0.0	0.0	2.0	0.0
ptg000086l	99001	99002	1.0	0.0	1.0	3.0
ptg000086l	99101	99102	3.0	1.0	7.0	1.0
ptg000086l	99201	99202	5.0	4.0	5.0	2.0
ptg000086l	99301	99302	0.0	0.0	0.0	0.0
ptg000086l	99401	99402	0.0	0.0	0.0	0.0
ptg000086l	99501	99502	2.0	0.0	0.0	1.0
ptg000086l	99601	99602	4.0	4.0	7.0	8.0
ptg000086l	99701	99702	0.0	1.0	3.0	6.0
ptg000086l	99801	99802	2.0	0.0	1.0	1.0
ptg000086l	99901	99902	0.0	0.0	0.0	0.0
ptg000086l	100001	100002	0.0	0.0	0.0	0.0
ptg000086l	100101	100102	0.0	0.0	0.0	1.0
ptg000086l	100201	100202	1.0	1.0	0.0	0.0
ptg000086l	100301	100302	1.0	1.0	0.0	0.0
ptg000086l	100401	100402	0.0	0.0	0.0	0.0
ptg000086l	100501	100502	0.0	1.0	1.0	0.0
ptg000086l	100601	100602	0.0	0.0	0.0	0.0
ptg000086l	100701	100702	0.0	0.0	0.0	1.0
ptg000086l	100801	100802	0.0	0.0	0.0	1.0
ptg000086l	100901	100902	0.0	0.0	0.0	0.0
ptg000086l	101001	101002	0.0	1.0	0.0	0.0
ptg000086l	101101	101102	0.0	2.0	0.0	0.0
ptg000086l	101201	101202	1.0	0.0	1.0	1.0
ptg000086l	101301	101302	11.0	2.0	6.0	1.0
ptg000086l	101401	101402	1.0	0.0	0.0	0.0
ptg000086l	101501	101502	0.0	0.0	0.0	0.0
ptg000086l	101601	101602	0.0	1.0	0.0	0.0
ptg000086l	101701	101702	0.0	1.0	2.0	1.0
ptg000086l	101801	101802	0.0	1.0	0.0	0.0
ptg000086l	101901	101902	7.0	9.0	4.0	7.0
ptg000086l	102001	102002	25.0	31.0	19.0	25.0
ptg000086l	102101	102102	31.0	33.0	20.0	29.0
ptg000086l	102201	102202	11.0	14.0	10.0	15.0
ptg000086l	102301	102302	4.0	3.0	3.0	5.0
ptg000086l	102401	102402	3.0	4.0	3.0	4.0
ptg000086l	102501	102502	0.0	0.0	0.0	0.0
ptg000086l	102601	102602	20.0	11.0	9.0	10.0
ptg000086l	102701	102702	46.0	34.0	31.0	38.0
ptg000086l	102801	102802	32.0	19.0	28.0	33.0
ptg000086l	102901	102902	28.0	24.0	30.0	29.0
ptg000086l	103001	103002	0.0	1.0	0.0	0.0
ptg000086l	103101	103102	0.0	0.0	0.0	0.0
ptg000086l	103201	103202	0.0	0.0	0.0	0.0
ptg000086l	103301	103302	0.0	0.0	0.0	0.0
ptg000086l	103401	103402	0.0	0.0	2.0	1.0
ptg000086l	103501	103502	2.0	2.0	1.0	2.0
ptg000086l	103601	103602	1.0	1.0	0.0	0.0
ptg000086l	103701	103702	12.0	14.0	12.0	26.0
ptg000086l	103801	103802	12.0	13.0	12.0	10.0
ptg000086l	103901	103902	1.0	0.0	0.0	4.0
ptg000086l	104001	104002	1.0	1.0	2.0	4.0
ptg000086l	104101	104102	0.0	0.0	1.0	3.0
ptg000086l	104201	104202	0.0	0.0	0.0	0.0
ptg000086l	104301	104302	1.0	0.0	0.0	0.0
ptg000086l	104401	104402	0.0	0.0	0.0	0.0
ptg000086l	104501	104502	2.0	3.0	2.0	0.0
ptg000086l	104601	104602	2.0	2.0	3.0	0.0
ptg000086l	104701	104702	0.0	1.0	0.0	0.0
ptg000086l	104801	104802	0.0	1.0	0.0	0.0
ptg000086l	104901	104902	1.0	3.0	0.0	1.0
ptg000086l	105001	105002	1.0	2.0	0.0	1.0
ptg000086l	105101	105102	0.0	0.0	0.0	0.0
ptg000086l	105201	105202	9.0	8.0	9.0	11.0
ptg000086l	105301	105302	12.0	8.0	8.0	11.0
ptg000086l	105401	105402	5.0	6.0	5.0	7.0
ptg000086l	105501	105502	25.0	24.0	26.0	24.0
ptg000086l	105601	105602	12.0	15.0	7.0	11.0
ptg000086l	105701	105702	7.0	2.0	6.0	1.0
ptg000086l	105801	105802	24.0	11.0	12.0	13.0
ptg000086l	105901	105902	22.0	16.0	16.0	15.0
ptg000086l	106001	106002	14.0	13.0	13.0	12.0
ptg000086l	106101	106102	76.0	87.0	54.0	79.0
ptg000086l	106201	106202	269.0	271.0	223.0	202.0
ptg000086l	106301	106302	486.0	499.0	437.0	433.0
ptg000086l	106401	106402	357.0	443.0	328.0	401.0
ptg000086l	106501	106502	809.0	1047.0	734.0	886.0
ptg000086l	106601	106602	510.0	632.0	428.0	525.0
ptg000086l	106701	106702	52.0	62.0	53.0	46.0
ptg000086l	106801	106802	82.0	90.0	91.0	79.0
ptg000086l	106901	106902	119.0	127.0	127.0	111.0
ptg000086l	107001	107002	29.0	25.0	28.0	14.0
ptg000086l	107101	107102	221.0	214.0	169.0	162.0
ptg000086l	107201	107202	381.0	452.0	317.0	367.0
ptg000086l	107301	107302	698.0	804.0	578.0	671.0
ptg000086l	107401	107402	631.0	776.0	523.0	649.0
ptg000086l	107501	107502	103.0	106.0	82.0	80.0
ptg000086l	107601	107602	60.0	74.0	44.0	59.0
ptg000086l	107701	107702	46.0	50.0	38.0	31.0
ptg000086l	107801	107802	12.0	14.0	10.0	5.0
ptg000086l	107901	107902	10.0	18.0	4.0	8.0
ptg000086l	108001	108002	49.0	46.0	34.0	31.0
ptg000086l	108101	108102	24.0	24.0	19.0	15.0
ptg000086l	108201	108202	2.0	8.0	8.0	5.0
ptg000086l	108301	108302	21.0	13.0	15.0	9.0
ptg000086l	108401	108402	8.0	2.0	1.0	4.0
ptg000086l	108501	108502	4.0	1.0	5.0	3.0
ptg000086l	108601	108602	0.0	1.0	3.0	2.0
ptg000086l	108701	108702	14.0	16.0	10.0	8.0
ptg000086l	108801	108802	14.0	19.0	8.0	8.0
ptg000086l	108901	108902	8.0	12.0	2.0	4.0
ptg000086l	109001	109002	12.0	35.0	10.0	26.0
ptg000086l	109101	109102	45.0	66.0	28.0	71.0
ptg000086l	109201	109202	1.0	2.0	0.0	3.0
ptg000086l	109301	109302	6.0	11.0	3.0	1.0
ptg000086l	109401	109402	52.0	54.0	38.0	57.0
ptg000086l	109501	109502	339.0	443.0	299.0	386.0
ptg000086l	109601	109602	564.0	801.0	486.0	693.0
ptg000086l	109701	109702	246.0	405.0	240.0	314.0
ptg000086l	109801	109802	24.0	34.0	27.0	30.0
ptg000086l	109901	109902	2.0	2.0	1.0	2.0
ptg000086l	110001	110002	1.0	4.0	3.0	3.0
ptg000086l	110101	110102	6.0	0.0	5.0	4.0
ptg000086l	110201	110202	4.0	1.0	7.0	2.0
ptg000086l	110301	110302	2.0	2.0	1.0	0.0
ptg000086l	110401	110402	11.0	18.0	18.0	3.0
ptg000086l	110501	110502	8.0	8.0	9.0	6.0
ptg000086l	110601	110602	22.0	16.0	12.0	7.0
ptg000086l	110701	110702	34.0	34.0	25.0	12.0
ptg000086l	110801	110802	64.0	47.0	53.0	28.0
ptg000086l	110901	110902	19.0	19.0	24.0	8.0
ptg000086l	111001	111002	3.0	0.0	3.0	0.0
ptg000086l	111101	111102	4.0	5.0	3.0	2.0
ptg000086l	111201	111202	26.0	17.0	23.0	20.0
ptg000086l	111301	111302	32.0	31.0	31.0	24.0
ptg000086l	111401	111402	9.0	12.0	9.0	5.0
ptg000086l	111501	111502	1.0	7.0	0.0	2.0
ptg000086l	111601	111602	8.0	6.0	16.0	2.0
ptg000086l	111701	111702	7.0	7.0	12.0	4.0
ptg000086l	111801	111802	2.0	2.0	3.0	1.0
ptg000086l	111901	111902	5.0	9.0	11.0	2.0
ptg000086l	112001	112002	8.0	12.0	8.0	8.0
ptg000086l	112101	112102	7.0	10.0	10.0	8.0
ptg000086l	112201	112202	2.0	0.0	3.0	3.0
ptg000086l	112301	112302	11.0	16.0	6.0	9.0
ptg000086l	112401	112402	164.0	228.0	154.0	224.0
ptg000086l	112501	112502	524.0	741.0	480.0	702.0
ptg000086l	112601	112602	405.0	553.0	362.0	483.0
ptg000086l	112701	112702	106.0	153.0	99.0	140.0
ptg000086l	112801	112802	65.0	69.0	57.0	61.0
ptg000086l	112901	112902	32.0	26.0	37.0	42.0
ptg000086l	113001	113002	13.0	15.0	13.0	16.0
ptg000086l	113101	113102	4.0	3.0	0.0	2.0
ptg000086l	113201	113202	1.0	2.0	0.0	0.0
ptg000086l	113301	113302	3.0	7.0	4.0	6.0
ptg000086l	113401	113402	7.0	12.0	7.0	17.0
ptg000086l	113501	113502	8.0	8.0	7.0	11.0
ptg000086l	113601	113602	27.0	28.0	21.0	26.0
ptg000086l	113701	113702	52.0	58.0	53.0	63.0
ptg000086l	113801	113802	39.0	36.0	31.0	44.0
ptg000086l	113901	113902	0.0	2.0	0.0	1.0
ptg000086l	114001	114002	0.0	2.0	0.0	1.0
