#plotCoverage --outRawCounts
#'chr'	'start'	'end'	'S1.dedup.bam'	'S2.dedup.bam'	'S3.dedup.bam'	'S4.dedup.bam'
ptg000088l	1	2	1.0	1.0	1.0	1.0
ptg000088l	101	102	73.0	64.0	69.0	88.0
ptg000088l	201	202	117.0	124.0	108.0	139.0
ptg000088l	301	302	155.0	152.0	134.0	147.0
ptg000088l	401	402	151.0	152.0	148.0	154.0
ptg000088l	501	502	168.0	168.0	140.0	192.0
ptg000088l	601	602	187.0	207.0	185.0	207.0
ptg000088l	701	702	200.0	230.0	180.0	231.0
ptg000088l	801	802	192.0	190.0	153.0	247.0
ptg000088l	901	902	191.0	192.0	202.0	198.0
ptg000088l	1001	1002	191.0	205.0	206.0	193.0
ptg000088l	1101	1102	202.0	206.0	186.0	212.0
ptg000088l	1201	1202	217.0	253.0	202.0	213.0
ptg000088l	1301	1302	220.0	195.0	176.0	204.0
ptg000088l	1401	1402	168.0	194.0	179.0	214.0
ptg000088l	1501	1502	168.0	177.0	176.0	198.0
ptg000088l	1601	1602	180.0	159.0	159.0	173.0
ptg000088l	1701	1702	184.0	164.0	155.0	177.0
ptg000088l	1801	1802	209.0	170.0	163.0	186.0
ptg000088l	1901	1902	209.0	156.0	184.0	190.0
ptg000088l	2001	2002	181.0	177.0	171.0	217.0
ptg000088l	2101	2102	170.0	191.0	168.0	176.0
ptg000088l	2201	2202	199.0	210.0	181.0	190.0
ptg000088l	2301	2302	186.0	212.0	156.0	154.0
ptg000088l	2401	2402	169.0	200.0	175.0	174.0
ptg000088l	2501	2502	172.0	202.0	178.0	174.0
ptg000088l	2601	2602	183.0	218.0	185.0	197.0
ptg000088l	2701	2702	158.0	204.0	180.0	196.0
ptg000088l	2801	2802	180.0	214.0	162.0	191.0
ptg000088l	2901	2902	176.0	209.0	153.0	194.0
ptg000088l	3001	3002	197.0	199.0	154.0	206.0
ptg000088l	3101	3102	184.0	197.0	171.0	202.0
ptg000088l	3201	3202	162.0	195.0	180.0	192.0
ptg000088l	3301	3302	154.0	191.0	163.0	183.0
ptg000088l	3401	3402	159.0	175.0	144.0	174.0
ptg000088l	3501	3502	158.0	168.0	167.0	170.0
ptg000088l	3601	3602	168.0	180.0	191.0	181.0
ptg000088l	3701	3702	158.0	177.0	143.0	144.0
ptg000088l	3801	3802	157.0	183.0	145.0	142.0
ptg000088l	3901	3902	148.0	156.0	120.0	138.0
ptg000088l	4001	4002	122.0	139.0	96.0	132.0
ptg000088l	4101	4102	21.0	32.0	20.0	25.0
ptg000088l	4201	4202	72.0	88.0	72.0	84.0
ptg000088l	4301	4302	107.0	135.0	101.0	138.0
ptg000088l	4401	4402	49.0	103.0	56.0	119.0
ptg000088l	4501	4502	10.0	20.0	15.0	23.0
ptg000088l	4601	4602	66.0	78.0	65.0	87.0
ptg000088l	4701	4702	126.0	164.0	117.0	174.0
ptg000088l	4801	4802	158.0	176.0	139.0	218.0
ptg000088l	4901	4902	217.0	193.0	188.0	223.0
ptg000088l	5001	5002	232.0	243.0	189.0	242.0
ptg000088l	5101	5102	243.0	262.0	220.0	284.0
ptg000088l	5201	5202	234.0	259.0	253.0	266.0
ptg000088l	5301	5302	198.0	245.0	207.0	230.0
ptg000088l	5401	5402	225.0	241.0	213.0	250.0
ptg000088l	5501	5502	195.0	320.0	208.0	358.0
ptg000088l	5601	5602	141.0	234.0	191.0	227.0
ptg000088l	5701	5702	169.0	234.0	184.0	240.0
ptg000088l	5801	5802	173.0	222.0	166.0	234.0
ptg000088l	5901	5902	148.0	208.0	172.0	202.0
ptg000088l	6001	6002	168.0	189.0	181.0	199.0
ptg000088l	6101	6102	180.0	215.0	202.0	218.0
ptg000088l	6201	6202	182.0	224.0	195.0	218.0
ptg000088l	6301	6302	207.0	202.0	199.0	218.0
ptg000088l	6401	6402	202.0	219.0	203.0	233.0
ptg000088l	6501	6502	220.0	237.0	203.0	240.0
ptg000088l	6601	6602	216.0	220.0	174.0	221.0
ptg000088l	6701	6702	213.0	233.0	171.0	230.0
ptg000088l	6801	6802	195.0	215.0	186.0	242.0
ptg000088l	6901	6902	215.0	214.0	194.0	223.0
ptg000088l	7001	7002	225.0	235.0	202.0	202.0
ptg000088l	7101	7102	231.0	255.0	205.0	229.0
ptg000088l	7201	7202	211.0	241.0	199.0	255.0
ptg000088l	7301	7302	189.0	250.0	226.0	250.0
ptg000088l	7401	7402	190.0	224.0	228.0	228.0
ptg000088l	7501	7502	221.0	260.0	256.0	257.0
ptg000088l	7601	7602	226.0	272.0	249.0	288.0
ptg000088l	7701	7702	244.0	323.0	251.0	323.0
ptg000088l	7801	7802	205.0	219.0	246.0	228.0
ptg000088l	7901	7902	206.0	248.0	207.0	253.0
ptg000088l	8001	8002	219.0	271.0	202.0	289.0
ptg000088l	8101	8102	189.0	236.0	159.0	243.0
ptg000088l	8201	8202	179.0	231.0	154.0	206.0
ptg000088l	8301	8302	166.0	209.0	159.0	177.0
ptg000088l	8401	8402	144.0	174.0	137.0	192.0
ptg000088l	8501	8502	99.0	115.0	85.0	144.0
ptg000088l	8601	8602	14.0	25.0	7.0	28.0
ptg000088l	8701	8702	22.0	7.0	14.0	1.0
ptg000088l	8801	8802	5.0	8.0	2.0	6.0
ptg000088l	8901	8902	88.0	172.0	72.0	182.0
ptg000088l	9001	9002	48.0	255.0	57.0	312.0
ptg000088l	9101	9102	213.0	331.0	209.0	385.0
ptg000088l	9201	9202	279.0	311.0	269.0	344.0
ptg000088l	9301	9302	240.0	237.0	189.0	257.0
ptg000088l	9401	9402	31.0	125.0	22.0	154.0
ptg000088l	9501	9502	20.0	62.0	20.0	91.0
ptg000088l	9601	9602	2.0	0.0	1.0	3.0
ptg000088l	9701	9702	1.0	6.0	1.0	4.0
ptg000088l	9801	9802	65.0	66.0	86.0	55.0
ptg000088l	9901	9902	106.0	40.0	125.0	29.0
ptg000088l	10001	10002	118.0	45.0	122.0	35.0
ptg000088l	10101	10102	136.0	100.0	127.0	116.0
ptg000088l	10201	10202	43.0	34.0	48.0	44.0
ptg000088l	10301	10302	137.0	119.0	115.0	128.0
ptg000088l	10401	10402	327.0	347.0	312.0	308.0
ptg000088l	10501	10502	244.0	252.0	250.0	253.0
ptg000088l	10601	10602	242.0	210.0	194.0	222.0
ptg000088l	10701	10702	219.0	255.0	203.0	224.0
ptg000088l	10801	10802	203.0	220.0	187.0	224.0
ptg000088l	10901	10902	214.0	239.0	237.0	220.0
ptg000088l	11001	11002	188.0	237.0	203.0	210.0
ptg000088l	11101	11102	209.0	243.0	192.0	227.0
ptg000088l	11201	11202	211.0	273.0	175.0	218.0
ptg000088l	11301	11302	218.0	230.0	188.0	238.0
ptg000088l	11401	11402	181.0	229.0	191.0	206.0
ptg000088l	11501	11502	220.0	252.0	192.0	202.0
ptg000088l	11601	11602	189.0	224.0	198.0	199.0
ptg000088l	11701	11702	201.0	239.0	209.0	206.0
ptg000088l	11801	11802	197.0	250.0	178.0	191.0
ptg000088l	11901	11902	167.0	219.0	185.0	179.0
ptg000088l	12001	12002	167.0	215.0	173.0	185.0
ptg000088l	12101	12102	178.0	159.0	148.0	198.0
ptg000088l	12201	12202	185.0	195.0	181.0	196.0
ptg000088l	12301	12302	190.0	230.0	176.0	180.0
ptg000088l	12401	12402	180.0	199.0	172.0	195.0
ptg000088l	12501	12502	157.0	172.0	155.0	200.0
ptg000088l	12601	12602	168.0	201.0	161.0	202.0
ptg000088l	12701	12702	167.0	226.0	169.0	193.0
ptg000088l	12801	12802	172.0	204.0	157.0	191.0
ptg000088l	12901	12902	200.0	180.0	164.0	202.0
ptg000088l	13001	13002	169.0	189.0	170.0	195.0
ptg000088l	13101	13102	156.0	189.0	177.0	214.0
ptg000088l	13201	13202	189.0	199.0	179.0	197.0
ptg000088l	13301	13302	173.0	227.0	181.0	204.0
ptg000088l	13401	13402	169.0	215.0	196.0	212.0
ptg000088l	13501	13502	178.0	181.0	193.0	198.0
ptg000088l	13601	13602	187.0	196.0	189.0	194.0
ptg000088l	13701	13702	180.0	180.0	160.0	185.0
ptg000088l	13801	13802	174.0	173.0	161.0	184.0
ptg000088l	13901	13902	186.0	185.0	176.0	181.0
ptg000088l	14001	14002	167.0	167.0	147.0	188.0
ptg000088l	14101	14102	169.0	175.0	156.0	193.0
ptg000088l	14201	14202	161.0	194.0	151.0	190.0
ptg000088l	14301	14302	169.0	209.0	166.0	198.0
ptg000088l	14401	14402	168.0	190.0	162.0	213.0
ptg000088l	14501	14502	172.0	215.0	160.0	174.0
ptg000088l	14601	14602	164.0	193.0	152.0	166.0
ptg000088l	14701	14702	158.0	169.0	160.0	147.0
ptg000088l	14801	14802	152.0	177.0	174.0	167.0
ptg000088l	14901	14902	105.0	161.0	91.0	157.0
ptg000088l	15001	15002	27.0	59.0	30.0	51.0
ptg000088l	15101	15102	36.0	44.0	33.0	58.0
ptg000088l	15201	15202	111.0	143.0	122.0	156.0
ptg000088l	15301	15302	131.0	176.0	162.0	194.0
ptg000088l	15401	15402	171.0	193.0	185.0	231.0
ptg000088l	15501	15502	197.0	202.0	214.0	236.0
ptg000088l	15601	15602	208.0	274.0	204.0	285.0
ptg000088l	15701	15702	223.0	269.0	224.0	251.0
ptg000088l	15801	15802	213.0	201.0	203.0	219.0
ptg000088l	15901	15902	220.0	221.0	240.0	238.0
ptg000088l	16001	16002	249.0	313.0	274.0	359.0
ptg000088l	16101	16102	174.0	255.0	194.0	291.0
ptg000088l	16201	16202	162.0	249.0	166.0	218.0
ptg000088l	16301	16302	158.0	227.0	180.0	224.0
ptg000088l	16401	16402	178.0	192.0	163.0	227.0
ptg000088l	16501	16502	171.0	187.0	176.0	197.0
ptg000088l	16601	16602	197.0	199.0	184.0	179.0
ptg000088l	16701	16702	184.0	200.0	182.0	210.0
ptg000088l	16801	16802	174.0	206.0	188.0	212.0
ptg000088l	16901	16902	182.0	204.0	201.0	226.0
ptg000088l	17001	17002	189.0	207.0	199.0	232.0
ptg000088l	17101	17102	172.0	217.0	201.0	239.0
ptg000088l	17201	17202	164.0	210.0	200.0	225.0
ptg000088l	17301	17302	163.0	216.0	229.0	246.0
ptg000088l	17401	17402	191.0	220.0	223.0	235.0
ptg000088l	17501	17502	200.0	263.0	217.0	232.0
ptg000088l	17601	17602	198.0	276.0	215.0	230.0
ptg000088l	17701	17702	203.0	274.0	206.0	266.0
ptg000088l	17801	17802	222.0	262.0	219.0	229.0
ptg000088l	17901	17902	231.0	239.0	224.0	247.0
ptg000088l	18001	18002	217.0	271.0	211.0	268.0
ptg000088l	18101	18102	241.0	265.0	244.0	296.0
ptg000088l	18201	18202	221.0	336.0	249.0	345.0
ptg000088l	18301	18302	237.0	263.0	234.0	248.0
ptg000088l	18401	18402	179.0	285.0	211.0	240.0
ptg000088l	18501	18502	211.0	272.0	214.0	250.0
ptg000088l	18601	18602	218.0	258.0	219.0	253.0
ptg000088l	18701	18702	169.0	217.0	176.0	243.0
ptg000088l	18801	18802	155.0	217.0	183.0	218.0
ptg000088l	18901	18902	139.0	190.0	166.0	174.0
ptg000088l	19001	19002	111.0	167.0	126.0	190.0
ptg000088l	19101	19102	15.0	37.0	12.0	45.0
ptg000088l	19201	19202	7.0	13.0	7.0	12.0
ptg000088l	19301	19302	4.0	14.0	7.0	11.0
ptg000088l	19401	19402	75.0	115.0	70.0	129.0
ptg000088l	19501	19502	80.0	270.0	65.0	291.0
ptg000088l	19601	19602	176.0	292.0	161.0	308.0
ptg000088l	19701	19702	294.0	282.0	279.0	320.0
ptg000088l	19801	19802	236.0	263.0	212.0	269.0
ptg000088l	19901	19902	130.0	209.0	150.0	191.0
ptg000088l	20001	20002	21.0	144.0	49.0	151.0
ptg000088l	20101	20102	15.0	43.0	29.0	47.0
ptg000088l	20201	20202	2.0	3.0	1.0	9.0
ptg000088l	20301	20302	57.0	64.0	52.0	59.0
ptg000088l	20401	20402	107.0	78.0	94.0	57.0
ptg000088l	20501	20502	100.0	30.0	90.0	21.0
ptg000088l	20601	20602	135.0	111.0	123.0	95.0
ptg000088l	20701	20702	71.0	64.0	69.0	81.0
ptg000088l	20801	20802	45.0	54.0	53.0	63.0
ptg000088l	20901	20902	269.0	281.0	255.0	315.0
ptg000088l	21001	21002	266.0	310.0	246.0	342.0
ptg000088l	21101	21102	161.0	211.0	169.0	223.0
ptg000088l	21201	21202	193.0	231.0	177.0	259.0
ptg000088l	21301	21302	199.0	233.0	186.0	253.0
ptg000088l	21401	21402	214.0	226.0	198.0	253.0
ptg000088l	21501	21502	213.0	207.0	190.0	237.0
ptg000088l	21601	21602	218.0	192.0	183.0	237.0
ptg000088l	21701	21702	226.0	195.0	184.0	226.0
ptg000088l	21801	21802	181.0	204.0	196.0	263.0
ptg000088l	21901	21902	195.0	193.0	175.0	238.0
ptg000088l	22001	22002	183.0	214.0	190.0	220.0
ptg000088l	22101	22102	205.0	180.0	180.0	189.0
ptg000088l	22201	22202	206.0	233.0	184.0	212.0
ptg000088l	22301	22302	199.0	225.0	192.0	214.0
ptg000088l	22401	22402	204.0	196.0	149.0	204.0
ptg000088l	22501	22502	184.0	177.0	164.0	205.0
ptg000088l	22601	22602	178.0	172.0	141.0	179.0
ptg000088l	22701	22702	184.0	163.0	155.0	183.0
ptg000088l	22801	22802	169.0	173.0	164.0	167.0
ptg000088l	22901	22902	152.0	144.0	141.0	182.0
ptg000088l	23001	23002	109.0	116.0	116.0	149.0
ptg000088l	23101	23102	106.0	133.0	123.0	124.0
ptg000088l	23201	23202	40.0	57.0	51.0	56.0
