#plotCoverage --outRawCounts
#'chr'	'start'	'end'	'S1.dedup.bam'	'S2.dedup.bam'	'S3.dedup.bam'	'S4.dedup.bam'
ptg000027l	1	2	0.0	0.0	0.0	0.0
ptg000027l	101	102	4.0	4.0	5.0	4.0
ptg000027l	201	202	6.0	6.0	13.0	5.0
ptg000027l	301	302	5.0	3.0	21.0	8.0
ptg000027l	401	402	2.0	4.0	15.0	5.0
ptg000027l	501	502	11.0	12.0	14.0	7.0
ptg000027l	601	602	16.0	16.0	14.0	12.0
ptg000027l	701	702	20.0	22.0	14.0	15.0
ptg000027l	801	802	20.0	20.0	13.0	12.0
ptg000027l	901	902	19.0	24.0	15.0	16.0
ptg000027l	1001	1002	20.0	29.0	11.0	12.0
ptg000027l	1101	1102	10.0	8.0	9.0	8.0
ptg000027l	1201	1202	11.0	10.0	8.0	20.0
ptg000027l	1301	1302	15.0	14.0	11.0	18.0
ptg000027l	1401	1402	18.0	16.0	15.0	17.0
ptg000027l	1501	1502	22.0	23.0	23.0	20.0
ptg000027l	1601	1602	20.0	23.0	14.0	19.0
ptg000027l	1701	1702	27.0	26.0	21.0	23.0
ptg000027l	1801	1802	17.0	21.0	14.0	12.0
ptg000027l	1901	1902	4.0	8.0	2.0	3.0
ptg000027l	2001	2002	4.0	4.0	3.0	4.0
ptg000027l	2101	2102	13.0	14.0	16.0	11.0
ptg000027l	2201	2202	10.0	16.0	23.0	11.0
ptg000027l	2301	2302	1.0	6.0	10.0	4.0
ptg000027l	2401	2402	4.0	5.0	7.0	5.0
ptg000027l	2501	2502	9.0	12.0	14.0	13.0
ptg000027l	2601	2602	6.0	2.0	8.0	3.0
ptg000027l	2701	2702	8.0	9.0	13.0	9.0
ptg000027l	2801	2802	5.0	9.0	8.0	19.0
ptg000027l	2901	2902	4.0	12.0	8.0	12.0
ptg000027l	3001	3002	5.0	8.0	4.0	5.0
ptg000027l	3101	3102	1.0	2.0	3.0	2.0
ptg000027l	3201	3202	0.0	1.0	0.0	0.0
ptg000027l	3301	3302	0.0	0.0	1.0	0.0
ptg000027l	3401	3402	4.0	5.0	3.0	4.0
ptg000027l	3501	3502	7.0	6.0	4.0	10.0
ptg000027l	3601	3602	6.0	7.0	11.0	11.0
ptg000027l	3701	3702	9.0	9.0	7.0	16.0
ptg000027l	3801	3802	3.0	4.0	3.0	2.0
ptg000027l	3901	3902	11.0	15.0	12.0	12.0
ptg000027l	4001	4002	12.0	19.0	13.0	16.0
ptg000027l	4101	4102	3.0	3.0	3.0	4.0
ptg000027l	4201	4202	12.0	13.0	9.0	18.0
ptg000027l	4301	4302	41.0	41.0	30.0	28.0
ptg000027l	4401	4402	26.0	40.0	23.0	25.0
ptg000027l	4501	4502	10.0	6.0	7.0	15.0
ptg000027l	4601	4602	8.0	7.0	9.0	8.0
ptg000027l	4701	4702	3.0	4.0	5.0	5.0
ptg000027l	4801	4802	8.0	8.0	6.0	6.0
ptg000027l	4901	4902	14.0	9.0	8.0	20.0
ptg000027l	5001	5002	15.0	26.0	15.0	28.0
ptg000027l	5101	5102	14.0	26.0	15.0	29.0
ptg000027l	5201	5202	20.0	16.0	14.0	25.0
ptg000027l	5301	5302	25.0	13.0	17.0	18.0
ptg000027l	5401	5402	24.0	19.0	18.0	22.0
ptg000027l	5501	5502	20.0	19.0	21.0	20.0
ptg000027l	5601	5602	21.0	15.0	21.0	19.0
ptg000027l	5701	5702	18.0	13.0	20.0	28.0
ptg000027l	5801	5802	16.0	24.0	26.0	20.0
ptg000027l	5901	5902	20.0	27.0	22.0	21.0
ptg000027l	6001	6002	26.0	22.0	26.0	13.0
ptg000027l	6101	6102	24.0	22.0	13.0	14.0
ptg000027l	6201	6202	15.0	17.0	23.0	16.0
ptg000027l	6301	6302	7.0	14.0	11.0	12.0
ptg000027l	6401	6402	4.0	3.0	3.0	4.0
ptg000027l	6501	6502	4.0	4.0	8.0	3.0
ptg000027l	6601	6602	13.0	12.0	11.0	15.0
ptg000027l	6701	6702	12.0	10.0	13.0	14.0
ptg000027l	6801	6802	11.0	9.0	13.0	10.0
ptg000027l	6901	6902	16.0	17.0	15.0	9.0
ptg000027l	7001	7002	13.0	18.0	15.0	10.0
ptg000027l	7101	7102	19.0	27.0	22.0	24.0
ptg000027l	7201	7202	23.0	21.0	11.0	17.0
ptg000027l	7301	7302	21.0	12.0	12.0	14.0
ptg000027l	7401	7402	26.0	16.0	30.0	18.0
ptg000027l	7501	7502	20.0	15.0	31.0	21.0
ptg000027l	7601	7602	16.0	21.0	22.0	12.0
ptg000027l	7701	7702	12.0	17.0	19.0	6.0
ptg000027l	7801	7802	22.0	13.0	17.0	7.0
ptg000027l	7901	7902	19.0	7.0	10.0	7.0
ptg000027l	8001	8002	23.0	17.0	17.0	15.0
ptg000027l	8101	8102	19.0	31.0	20.0	17.0
ptg000027l	8201	8202	11.0	21.0	19.0	11.0
ptg000027l	8301	8302	31.0	40.0	31.0	22.0
ptg000027l	8401	8402	29.0	46.0	32.0	27.0
ptg000027l	8501	8502	19.0	31.0	27.0	25.0
ptg000027l	8601	8602	14.0	25.0	23.0	20.0
ptg000027l	8701	8702	16.0	31.0	12.0	13.0
ptg000027l	8801	8802	24.0	40.0	15.0	27.0
ptg000027l	8901	8902	31.0	42.0	34.0	56.0
ptg000027l	9001	9002	53.0	72.0	49.0	83.0
ptg000027l	9101	9102	52.0	67.0	56.0	80.0
ptg000027l	9201	9202	29.0	49.0	45.0	44.0
ptg000027l	9301	9302	9.0	15.0	15.0	4.0
ptg000027l	9401	9402	27.0	32.0	21.0	27.0
ptg000027l	9501	9502	56.0	56.0	45.0	53.0
ptg000027l	9601	9602	42.0	41.0	38.0	44.0
ptg000027l	9701	9702	49.0	37.0	28.0	40.0
ptg000027l	9801	9802	52.0	42.0	27.0	37.0
ptg000027l	9901	9902	35.0	31.0	18.0	27.0
ptg000027l	10001	10002	3.0	5.0	6.0	8.0
ptg000027l	10101	10102	58.0	35.0	33.0	51.0
ptg000027l	10201	10202	21.0	19.0	20.0	12.0
ptg000027l	10301	10302	9.0	10.0	6.0	3.0
ptg000027l	10401	10402	5.0	3.0	3.0	3.0
ptg000027l	10501	10502	6.0	9.0	8.0	2.0
ptg000027l	10601	10602	7.0	13.0	4.0	0.0
ptg000027l	10701	10702	0.0	1.0	1.0	1.0
ptg000027l	10801	10802	7.0	2.0	7.0	3.0
ptg000027l	10901	10902	3.0	7.0	6.0	1.0
ptg000027l	11001	11002	12.0	12.0	9.0	7.0
ptg000027l	11101	11102	7.0	7.0	5.0	3.0
ptg000027l	11201	11202	1.0	0.0	5.0	2.0
ptg000027l	11301	11302	1.0	0.0	3.0	5.0
ptg000027l	11401	11402	3.0	1.0	1.0	3.0
ptg000027l	11501	11502	4.0	1.0	0.0	1.0
ptg000027l	11601	11602	0.0	1.0	0.0	1.0
ptg000027l	11701	11702	1.0	0.0	0.0	1.0
ptg000027l	11801	11802	17.0	11.0	19.0	14.0
ptg000027l	11901	11902	25.0	21.0	15.0	14.0
ptg000027l	12001	12002	43.0	33.0	28.0	38.0
ptg000027l	12101	12102	30.0	30.0	23.0	29.0
ptg000027l	12201	12202	19.0	19.0	12.0	11.0
ptg000027l	12301	12302	34.0	21.0	22.0	15.0
ptg000027l	12401	12402	32.0	33.0	22.0	17.0
ptg000027l	12501	12502	40.0	37.0	20.0	26.0
ptg000027l	12601	12602	12.0	13.0	9.0	4.0
ptg000027l	12701	12702	8.0	6.0	6.0	3.0
ptg000027l	12801	12802	11.0	3.0	3.0	1.0
ptg000027l	12901	12902	3.0	2.0	2.0	1.0
ptg000027l	13001	13002	8.0	5.0	1.0	2.0
ptg000027l	13101	13102	5.0	14.0	3.0	10.0
ptg000027l	13201	13202	4.0	7.0	5.0	8.0
ptg000027l	13301	13302	2.0	6.0	3.0	9.0
ptg000027l	13401	13402	16.0	20.0	13.0	21.0
ptg000027l	13501	13502	39.0	44.0	34.0	35.0
ptg000027l	13601	13602	13.0	34.0	21.0	30.0
ptg000027l	13701	13702	1.0	1.0	2.0	3.0
ptg000027l	13801	13802	13.0	21.0	18.0	22.0
ptg000027l	13901	13902	7.0	12.0	7.0	14.0
ptg000027l	14001	14002	8.0	18.0	8.0	16.0
ptg000027l	14101	14102	2.0	5.0	5.0	2.0
ptg000027l	14201	14202	9.0	7.0	2.0	3.0
ptg000027l	14301	14302	12.0	15.0	7.0	30.0
ptg000027l	14401	14402	23.0	21.0	12.0	38.0
ptg000027l	14501	14502	17.0	18.0	14.0	35.0
ptg000027l	14601	14602	10.0	10.0	10.0	26.0
ptg000027l	14701	14702	4.0	8.0	4.0	12.0
ptg000027l	14801	14802	5.0	11.0	7.0	14.0
ptg000027l	14901	14902	2.0	8.0	6.0	6.0
ptg000027l	15001	15002	2.0	14.0	3.0	11.0
ptg000027l	15101	15102	14.0	19.0	19.0	29.0
ptg000027l	15201	15202	39.0	27.0	38.0	40.0
ptg000027l	15301	15302	29.0	34.0	39.0	53.0
ptg000027l	15401	15402	36.0	46.0	41.0	62.0
ptg000027l	15501	15502	37.0	55.0	47.0	58.0
ptg000027l	15601	15602	58.0	74.0	69.0	73.0
ptg000027l	15701	15702	81.0	95.0	89.0	79.0
ptg000027l	15801	15802	115.0	84.0	114.0	83.0
ptg000027l	15901	15902	65.0	57.0	57.0	44.0
ptg000027l	16001	16002	15.0	27.0	23.0	19.0
ptg000027l	16101	16102	10.0	11.0	6.0	8.0
ptg000027l	16201	16202	5.0	4.0	4.0	10.0
ptg000027l	16301	16302	6.0	3.0	4.0	4.0
ptg000027l	16401	16402	4.0	7.0	5.0	3.0
ptg000027l	16501	16502	3.0	7.0	1.0	3.0
ptg000027l	16601	16602	2.0	4.0	2.0	3.0
ptg000027l	16701	16702	11.0	13.0	11.0	16.0
ptg000027l	16801	16802	14.0	12.0	13.0	17.0
ptg000027l	16901	16902	12.0	13.0	11.0	15.0
ptg000027l	17001	17002	17.0	21.0	17.0	22.0
ptg000027l	17101	17102	7.0	13.0	7.0	16.0
ptg000027l	17201	17202	6.0	14.0	6.0	12.0
ptg000027l	17301	17302	5.0	15.0	5.0	12.0
ptg000027l	17401	17402	1.0	8.0	1.0	4.0
ptg000027l	17501	17502	3.0	6.0	2.0	2.0
ptg000027l	17601	17602	8.0	5.0	3.0	6.0
ptg000027l	17701	17702	4.0	6.0	0.0	5.0
ptg000027l	17801	17802	2.0	5.0	2.0	2.0
ptg000027l	17901	17902	2.0	0.0	4.0	2.0
ptg000027l	18001	18002	17.0	15.0	9.0	23.0
ptg000027l	18101	18102	20.0	19.0	13.0	24.0
ptg000027l	18201	18202	19.0	17.0	24.0	20.0
ptg000027l	18301	18302	22.0	15.0	28.0	23.0
ptg000027l	18401	18402	7.0	5.0	9.0	4.0
ptg000027l	18501	18502	15.0	9.0	4.0	11.0
ptg000027l	18601	18602	14.0	12.0	13.0	12.0
ptg000027l	18701	18702	18.0	13.0	23.0	17.0
ptg000027l	18801	18802	13.0	15.0	17.0	25.0
ptg000027l	18901	18902	7.0	12.0	11.0	15.0
ptg000027l	19001	19002	12.0	27.0	27.0	20.0
ptg000027l	19101	19102	3.0	12.0	11.0	8.0
ptg000027l	19201	19202	17.0	18.0	19.0	9.0
ptg000027l	19301	19302	48.0	60.0	62.0	49.0
ptg000027l	19401	19402	42.0	44.0	38.0	39.0
ptg000027l	19501	19502	47.0	46.0	42.0	42.0
ptg000027l	19601	19602	51.0	57.0	49.0	36.0
ptg000027l	19701	19702	31.0	46.0	33.0	31.0
ptg000027l	19801	19802	50.0	52.0	36.0	35.0
ptg000027l	19901	19902	55.0	46.0	32.0	33.0
ptg000027l	20001	20002	43.0	31.0	42.0	20.0
ptg000027l	20101	20102	30.0	18.0	28.0	18.0
ptg000027l	20201	20202	23.0	10.0	18.0	15.0
ptg000027l	20301	20302	27.0	13.0	13.0	21.0
ptg000027l	20401	20402	7.0	1.0	0.0	2.0
ptg000027l	20501	20502	6.0	7.0	6.0	3.0
ptg000027l	20601	20602	12.0	8.0	13.0	9.0
ptg000027l	20701	20702	8.0	3.0	11.0	8.0
ptg000027l	20801	20802	6.0	9.0	5.0	9.0
ptg000027l	20901	20902	5.0	1.0	3.0	7.0
ptg000027l	21001	21002	7.0	6.0	5.0	9.0
ptg000027l	21101	21102	3.0	7.0	3.0	6.0
ptg000027l	21201	21202	1.0	5.0	4.0	4.0
ptg000027l	21301	21302	11.0	18.0	7.0	10.0
ptg000027l	21401	21402	14.0	15.0	11.0	9.0
ptg000027l	21501	21502	3.0	9.0	4.0	2.0
ptg000027l	21601	21602	26.0	21.0	22.0	12.0
ptg000027l	21701	21702	32.0	20.0	22.0	25.0
ptg000027l	21801	21802	11.0	8.0	11.0	13.0
ptg000027l	21901	21902	0.0	4.0	5.0	2.0
ptg000027l	22001	22002	17.0	18.0	13.0	15.0
ptg000027l	22101	22102	12.0	13.0	10.0	14.0
ptg000027l	22201	22202	11.0	13.0	6.0	17.0
ptg000027l	22301	22302	33.0	35.0	20.0	30.0
ptg000027l	22401	22402	48.0	43.0	39.0	41.0
ptg000027l	22501	22502	36.0	35.0	38.0	47.0
ptg000027l	22601	22602	49.0	45.0	36.0	40.0
ptg000027l	22701	22702	40.0	46.0	30.0	36.0
ptg000027l	22801	22802	19.0	36.0	26.0	27.0
ptg000027l	22901	22902	8.0	12.0	12.0	7.0
ptg000027l	23001	23002	34.0	40.0	39.0	44.0
ptg000027l	23101	23102	46.0	39.0	42.0	60.0
ptg000027l	23201	23202	37.0	33.0	49.0	41.0
ptg000027l	23301	23302	52.0	45.0	46.0	37.0
ptg000027l	23401	23402	53.0	33.0	43.0	39.0
ptg000027l	23501	23502	44.0	26.0	32.0	30.0
ptg000027l	23601	23602	45.0	26.0	35.0	40.0
ptg000027l	23701	23702	21.0	12.0	12.0	16.0
ptg000027l	23801	23802	7.0	7.0	4.0	5.0
ptg000027l	23901	23902	25.0	17.0	12.0	24.0
ptg000027l	24001	24002	66.0	51.0	58.0	42.0
ptg000027l	24101	24102	77.0	66.0	77.0	64.0
ptg000027l	24201	24202	72.0	52.0	54.0	40.0
ptg000027l	24301	24302	51.0	28.0	34.0	27.0
ptg000027l	24401	24402	36.0	26.0	28.0	20.0
ptg000027l	24501	24502	8.0	20.0	17.0	7.0
ptg000027l	24601	24602	12.0	11.0	16.0	10.0
ptg000027l	24701	24702	18.0	20.0	11.0	16.0
ptg000027l	24801	24802	7.0	17.0	6.0	25.0
ptg000027l	24901	24902	14.0	17.0	13.0	16.0
ptg000027l	25001	25002	12.0	20.0	8.0	20.0
ptg000027l	25101	25102	15.0	19.0	11.0	13.0
ptg000027l	25201	25202	8.0	17.0	14.0	14.0
ptg000027l	25301	25302	8.0	16.0	13.0	17.0
ptg000027l	25401	25402	1.0	2.0	4.0	1.0
ptg000027l	25501	25502	1.0	2.0	0.0	3.0
ptg000027l	25601	25602	2.0	9.0	4.0	13.0
ptg000027l	25701	25702	3.0	8.0	8.0	13.0
ptg000027l	25801	25802	7.0	15.0	6.0	15.0
ptg000027l	25901	25902	12.0	12.0	5.0	13.0
ptg000027l	26001	26002	8.0	12.0	5.0	14.0
ptg000027l	26101	26102	5.0	17.0	5.0	11.0
ptg000027l	26201	26202	11.0	18.0	7.0	10.0
ptg000027l	26301	26302	5.0	19.0	10.0	10.0
ptg000027l	26401	26402	6.0	12.0	2.0	13.0
ptg000027l	26501	26502	3.0	14.0	6.0	11.0
ptg000027l	26601	26602	11.0	18.0	15.0	13.0
ptg000027l	26701	26702	9.0	16.0	13.0	18.0
ptg000027l	26801	26802	10.0	19.0	19.0	14.0
ptg000027l	26901	26902	13.0	16.0	16.0	18.0
ptg000027l	27001	27002	5.0	11.0	2.0	10.0
ptg000027l	27101	27102	8.0	9.0	7.0	13.0
ptg000027l	27201	27202	8.0	17.0	8.0	7.0
ptg000027l	27301	27302	4.0	6.0	4.0	2.0
ptg000027l	27401	27402	2.0	1.0	3.0	1.0
ptg000027l	27501	27502	6.0	6.0	6.0	7.0
ptg000027l	27601	27602	1.0	2.0	4.0	8.0
ptg000027l	27701	27702	1.0	3.0	4.0	13.0
ptg000027l	27801	27802	6.0	13.0	9.0	12.0
ptg000027l	27901	27902	11.0	11.0	6.0	7.0
ptg000027l	28001	28002	1.0	0.0	1.0	1.0
ptg000027l	28101	28102	2.0	4.0	6.0	4.0
ptg000027l	28201	28202	1.0	2.0	3.0	1.0
ptg000027l	28301	28302	3.0	17.0	12.0	9.0
ptg000027l	28401	28402	17.0	10.0	23.0	13.0
ptg000027l	28501	28502	28.0	14.0	23.0	18.0
ptg000027l	28601	28602	41.0	29.0	37.0	25.0
ptg000027l	28701	28702	74.0	59.0	63.0	49.0
ptg000027l	28801	28802	64.0	69.0	68.0	46.0
ptg000027l	28901	28902	70.0	61.0	67.0	31.0
ptg000027l	29001	29002	53.0	63.0	62.0	53.0
ptg000027l	29101	29102	67.0	66.0	55.0	50.0
ptg000027l	29201	29202	43.0	47.0	51.0	39.0
ptg000027l	29301	29302	46.0	53.0	44.0	34.0
ptg000027l	29401	29402	48.0	48.0	44.0	37.0
ptg000027l	29501	29502	33.0	44.0	46.0	41.0
ptg000027l	29601	29602	37.0	30.0	47.0	32.0
ptg000027l	29701	29702	54.0	40.0	37.0	27.0
ptg000027l	29801	29802	50.0	31.0	43.0	37.0
ptg000027l	29901	29902	59.0	46.0	53.0	58.0
ptg000027l	30001	30002	28.0	43.0	41.0	35.0
ptg000027l	30101	30102	26.0	31.0	19.0	32.0
ptg000027l	30201	30202	21.0	18.0	16.0	27.0
ptg000027l	30301	30302	45.0	42.0	44.0	36.0
ptg000027l	30401	30402	16.0	9.0	11.0	13.0
ptg000027l	30501	30502	11.0	2.0	7.0	8.0
ptg000027l	30601	30602	5.0	4.0	4.0	1.0
ptg000027l	30701	30702	22.0	10.0	37.0	33.0
ptg000027l	30801	30802	40.0	24.0	43.0	35.0
ptg000027l	30901	30902	51.0	40.0	52.0	35.0
ptg000027l	31001	31002	45.0	26.0	58.0	26.0
ptg000027l	31101	31102	41.0	23.0	40.0	35.0
ptg000027l	31201	31202	11.0	10.0	6.0	7.0
ptg000027l	31301	31302	54.0	51.0	64.0	61.0
ptg000027l	31401	31402	56.0	53.0	56.0	56.0
ptg000027l	31501	31502	43.0	75.0	40.0	69.0
ptg000027l	31601	31602	22.0	26.0	18.0	23.0
ptg000027l	31701	31702	312.0	307.0	264.0	299.0
ptg000027l	31801	31802	294.0	275.0	230.0	262.0
ptg000027l	31901	31902	125.0	100.0	98.0	78.0
ptg000027l	32001	32002	168.0	143.0	129.0	113.0
ptg000027l	32101	32102	164.0	154.0	120.0	145.0
ptg000027l	32201	32202	467.0	269.0	414.0	215.0
ptg000027l	32301	32302	400.0	157.0	365.0	75.0
ptg000027l	32401	32402	37.0	23.0	39.0	2.0
ptg000027l	32501	32502	14.0	6.0	11.0	3.0
ptg000027l	32601	32602	17.0	4.0	11.0	3.0
ptg000027l	32701	32702	49.0	18.0	50.0	9.0
ptg000027l	32801	32802	54.0	19.0	54.0	7.0
ptg000027l	32901	32902	9.0	6.0	16.0	2.0
ptg000027l	33001	33002	3.0	3.0	4.0	2.0
ptg000027l	33101	33102	0.0	1.0	0.0	3.0
ptg000027l	33201	33202	0.0	2.0	1.0	0.0
ptg000027l	33301	33302	2.0	3.0	2.0	5.0
ptg000027l	33401	33402	1.0	8.0	3.0	0.0
ptg000027l	33501	33502	45.0	32.0	36.0	12.0
ptg000027l	33601	33602	77.0	59.0	64.0	38.0
ptg000027l	33701	33702	13.0	21.0	15.0	11.0
ptg000027l	33801	33802	4.0	4.0	12.0	12.0
ptg000027l	33901	33902	20.0	23.0	24.0	17.0
ptg000027l	34001	34002	38.0	35.0	33.0	23.0
ptg000027l	34101	34102	154.0	242.0	168.0	219.0
ptg000027l	34201	34202	49.0	72.0	60.0	72.0
ptg000027l	34301	34302	2.0	2.0	2.0	0.0
ptg000027l	34401	34402	131.0	85.0	96.0	54.0
ptg000027l	34501	34502	117.0	106.0	89.0	65.0
ptg000027l	34601	34602	279.0	368.0	274.0	316.0
ptg000027l	34701	34702	76.0	68.0	82.0	48.0
ptg000027l	34801	34802	40.0	47.0	25.0	42.0
ptg000027l	34901	34902	21.0	20.0	15.0	9.0
ptg000027l	35001	35002	109.0	63.0	67.0	52.0
ptg000027l	35101	35102	113.0	67.0	71.0	59.0
ptg000027l	35201	35202	368.0	196.0	324.0	136.0
ptg000027l	35301	35302	672.0	374.0	619.0	298.0
ptg000027l	35401	35402	186.0	161.0	169.0	147.0
ptg000027l	35501	35502	235.0	248.0	202.0	260.0
ptg000027l	35601	35602	8.0	8.0	5.0	5.0
ptg000027l	35701	35702	11.0	26.0	19.0	14.0
ptg000027l	35801	35802	5.0	11.0	8.0	6.0
ptg000027l	35901	35902	20.0	14.0	27.0	11.0
ptg000027l	36001	36002	13.0	8.0	16.0	8.0
ptg000027l	36101	36102	74.0	108.0	85.0	119.0
ptg000027l	36201	36202	72.0	88.0	73.0	98.0
ptg000027l	36301	36302	1.0	2.0	2.0	0.0
ptg000027l	36401	36402	197.0	159.0	202.0	88.0
ptg000027l	36501	36502	167.0	131.0	126.0	68.0
ptg000027l	36601	36602	87.0	134.0	109.0	135.0
ptg000027l	36701	36702	20.0	25.0	24.0	29.0
ptg000027l	36801	36802	26.0	14.0	24.0	23.0
ptg000027l	36901	36902	265.0	222.0	257.0	149.0
ptg000027l	37001	37002	345.0	252.0	341.0	183.0
ptg000027l	37101	37102	234.0	114.0	184.0	87.0
ptg000027l	37201	37202	51.0	18.0	41.0	17.0
ptg000027l	37301	37302	31.0	19.0	15.0	22.0
ptg000027l	37401	37402	60.0	24.0	40.0	24.0
ptg000027l	37501	37502	253.0	111.0	190.0	65.0
ptg000027l	37601	37602	179.0	75.0	118.0	50.0
ptg000027l	37701	37702	0.0	0.0	0.0	0.0
ptg000027l	37801	37802	33.0	19.0	19.0	8.0
ptg000027l	37901	37902	93.0	61.0	60.0	27.0
ptg000027l	38001	38002	67.0	47.0	49.0	26.0
ptg000027l	38101	38102	12.0	5.0	8.0	4.0
ptg000027l	38201	38202	24.0	11.0	20.0	10.0
ptg000027l	38301	38302	15.0	9.0	13.0	12.0
ptg000027l	38401	38402	48.0	55.0	38.0	41.0
ptg000027l	38501	38502	65.0	81.0	48.0	43.0
ptg000027l	38601	38602	12.0	10.0	10.0	8.0
ptg000027l	38701	38702	14.0	7.0	9.0	3.0
ptg000027l	38801	38802	4.0	0.0	1.0	2.0
ptg000027l	38901	38902	1.0	2.0	3.0	2.0
ptg000027l	39001	39002	0.0	1.0	2.0	0.0
ptg000027l	39101	39102	2.0	3.0	0.0	0.0
ptg000027l	39201	39202	1.0	1.0	1.0	2.0
ptg000027l	39301	39302	78.0	51.0	86.0	38.0
ptg000027l	39401	39402	162.0	89.0	160.0	80.0
ptg000027l	39501	39502	4.0	1.0	4.0	1.0
ptg000027l	39601	39602	21.0	15.0	22.0	15.0
ptg000027l	39701	39702	0.0	0.0	0.0	1.0
ptg000027l	39801	39802	16.0	8.0	11.0	2.0
ptg000027l	39901	39902	8.0	2.0	10.0	4.0
ptg000027l	40001	40002	6.0	2.0	6.0	4.0
ptg000027l	40101	40102	0.0	2.0	0.0	1.0
ptg000027l	40201	40202	5.0	0.0	0.0	1.0
ptg000027l	40301	40302	1.0	0.0	1.0	0.0
ptg000027l	40401	40402	0.0	0.0	2.0	0.0
ptg000027l	40501	40502	2.0	2.0	5.0	0.0
ptg000027l	40601	40602	3.0	3.0	3.0	5.0
ptg000027l	40701	40702	3.0	1.0	4.0	0.0
ptg000027l	40801	40802	33.0	20.0	17.0	10.0
ptg000027l	40901	40902	25.0	19.0	19.0	9.0
ptg000027l	41001	41002	0.0	1.0	3.0	0.0
ptg000027l	41101	41102	0.0	0.0	0.0	0.0
ptg000027l	41201	41202	27.0	19.0	21.0	8.0
ptg000027l	41301	41302	11.0	6.0	10.0	3.0
ptg000027l	41401	41402	14.0	10.0	15.0	4.0
ptg000027l	41501	41502	21.0	19.0	19.0	9.0
ptg000027l	41601	41602	5.0	5.0	7.0	4.0
ptg000027l	41701	41702	14.0	10.0	13.0	14.0
ptg000027l	41801	41802	31.0	8.0	25.0	6.0
ptg000027l	41901	41902	17.0	5.0	18.0	6.0
ptg000027l	42001	42002	29.0	17.0	19.0	3.0
ptg000027l	42101	42102	2.0	3.0	0.0	3.0
ptg000027l	42201	42202	237.0	190.0	214.0	154.0
ptg000027l	42301	42302	276.0	228.0	279.0	131.0
ptg000027l	42401	42402	39.0	21.0	41.0	14.0
ptg000027l	42501	42502	17.0	16.0	23.0	3.0
ptg000027l	42601	42602	68.0	48.0	73.0	27.0
ptg000027l	42701	42702	98.0	68.0	78.0	39.0
ptg000027l	42801	42802	26.0	22.0	16.0	19.0
ptg000027l	42901	42902	5.0	11.0	14.0	11.0
ptg000027l	43001	43002	164.0	133.0	129.0	96.0
ptg000027l	43101	43102	291.0	142.0	191.0	90.0
ptg000027l	43201	43202	323.0	217.0	238.0	133.0
ptg000027l	43301	43302	162.0	145.0	134.0	88.0
ptg000027l	43401	43402	125.0	86.0	106.0	68.0
ptg000027l	43501	43502	103.0	63.0	83.0	43.0
ptg000027l	43601	43602	5.0	3.0	7.0	0.0
ptg000027l	43701	43702	2.0	2.0	0.0	0.0
ptg000027l	43801	43802	15.0	11.0	7.0	7.0
ptg000027l	43901	43902	19.0	26.0	27.0	27.0
ptg000027l	44001	44002	76.0	61.0	83.0	52.0
ptg000027l	44101	44102	63.0	37.0	44.0	26.0
ptg000027l	44201	44202	14.0	10.0	9.0	6.0
ptg000027l	44301	44302	0.0	0.0	0.0	0.0
ptg000027l	44401	44402	1.0	2.0	4.0	2.0
ptg000027l	44501	44502	0.0	0.0	0.0	0.0
ptg000027l	44601	44602	0.0	1.0	0.0	2.0
ptg000027l	44701	44702	31.0	22.0	30.0	14.0
ptg000027l	44801	44802	19.0	8.0	19.0	7.0
ptg000027l	44901	44902	32.0	18.0	25.0	12.0
ptg000027l	45001	45002	27.0	19.0	22.0	14.0
ptg000027l	45101	45102	10.0	5.0	7.0	4.0
ptg000027l	45201	45202	16.0	16.0	22.0	28.0
ptg000027l	45301	45302	5.0	3.0	6.0	5.0
ptg000027l	45401	45402	1.0	0.0	0.0	1.0
ptg000027l	45501	45502	0.0	2.0	0.0	1.0
ptg000027l	45601	45602	1.0	2.0	6.0	2.0
ptg000027l	45701	45702	9.0	20.0	7.0	12.0
ptg000027l	45801	45802	13.0	35.0	7.0	15.0
ptg000027l	45901	45902	3.0	10.0	4.0	10.0
ptg000027l	46001	46002	0.0	0.0	1.0	0.0
ptg000027l	46101	46102	1.0	0.0	0.0	0.0
ptg000027l	46201	46202	0.0	0.0	0.0	0.0
ptg000027l	46301	46302	21.0	16.0	23.0	11.0
ptg000027l	46401	46402	0.0	2.0	2.0	0.0
ptg000027l	46501	46502	0.0	1.0	2.0	0.0
ptg000027l	46601	46602	4.0	4.0	1.0	1.0
ptg000027l	46701	46702	10.0	3.0	6.0	6.0
ptg000027l	46801	46802	36.0	32.0	33.0	25.0
ptg000027l	46901	46902	31.0	17.0	20.0	14.0
ptg000027l	47001	47002	5.0	1.0	6.0	2.0
ptg000027l	47101	47102	1.0	1.0	0.0	0.0
ptg000027l	47201	47202	1.0	4.0	1.0	3.0
ptg000027l	47301	47302	0.0	0.0	0.0	0.0
ptg000027l	47401	47402	2.0	4.0	1.0	1.0
ptg000027l	47501	47502	14.0	13.0	23.0	11.0
ptg000027l	47601	47602	12.0	12.0	29.0	9.0
ptg000027l	47701	47702	18.0	12.0	11.0	4.0
ptg000027l	47801	47802	26.0	33.0	24.0	22.0
ptg000027l	47901	47902	4.0	1.0	0.0	1.0
ptg000027l	48001	48002	4.0	8.0	13.0	12.0
ptg000027l	48101	48102	2.0	5.0	2.0	3.0
ptg000027l	48201	48202	0.0	1.0	0.0	0.0
ptg000027l	48301	48302	2.0	4.0	2.0	2.0
ptg000027l	48401	48402	6.0	3.0	2.0	0.0
ptg000027l	48501	48502	9.0	7.0	14.0	11.0
ptg000027l	48601	48602	32.0	22.0	27.0	23.0
ptg000027l	48701	48702	16.0	8.0	8.0	17.0
ptg000027l	48801	48802	1.0	1.0	0.0	0.0
ptg000027l	48901	48902	3.0	6.0	4.0	3.0
ptg000027l	49001	49002	1.0	1.0	0.0	0.0
ptg000027l	49101	49102	9.0	14.0	4.0	13.0
ptg000027l	49201	49202	120.0	145.0	134.0	105.0
ptg000027l	49301	49302	378.0	450.0	418.0	348.0
ptg000027l	49401	49402	279.0	314.0	256.0	252.0
ptg000027l	49501	49502	22.0	17.0	11.0	21.0
ptg000027l	49601	49602	0.0	1.0	1.0	3.0
ptg000027l	49701	49702	15.0	9.0	15.0	10.0
ptg000027l	49801	49802	156.0	145.0	147.0	106.0
ptg000027l	49901	49902	245.0	249.0	254.0	177.0
ptg000027l	50001	50002	94.0	86.0	93.0	61.0
ptg000027l	50101	50102	8.0	7.0	8.0	4.0
ptg000027l	50201	50202	0.0	1.0	0.0	0.0
ptg000027l	50301	50302	0.0	0.0	2.0	0.0
ptg000027l	50401	50402	32.0	29.0	35.0	27.0
ptg000027l	50501	50502	88.0	75.0	70.0	77.0
ptg000027l	50601	50602	87.0	56.0	68.0	47.0
ptg000027l	50701	50702	51.0	36.0	40.0	29.0
ptg000027l	50801	50802	0.0	0.0	0.0	0.0
ptg000027l	50901	50902	0.0	2.0	0.0	0.0
ptg000027l	51001	51002	2.0	6.0	1.0	5.0
ptg000027l	51101	51102	221.0	112.0	222.0	83.0
ptg000027l	51201	51202	44.0	30.0	43.0	24.0
ptg000027l	51301	51302	5.0	3.0	8.0	0.0
ptg000027l	51401	51402	9.0	8.0	3.0	6.0
ptg000027l	51501	51502	18.0	11.0	10.0	10.0
ptg000027l	51601	51602	122.0	69.0	95.0	40.0
ptg000027l	51701	51702	325.0	205.0	272.0	119.0
ptg000027l	51801	51802	293.0	148.0	241.0	105.0
ptg000027l	51901	51902	100.0	49.0	89.0	46.0
ptg000027l	52001	52002	164.0	147.0	162.0	130.0
ptg000027l	52101	52102	126.0	97.0	131.0	81.0
ptg000027l	52201	52202	63.0	36.0	69.0	35.0
ptg000027l	52301	52302	85.0	58.0	50.0	42.0
ptg000027l	52401	52402	63.0	60.0	60.0	58.0
ptg000027l	52501	52502	22.0	18.0	21.0	17.0
ptg000027l	52601	52602	94.0	97.0	103.0	50.0
ptg000027l	52701	52702	70.0	94.0	96.0	52.0
ptg000027l	52801	52802	20.0	10.0	17.0	22.0
ptg000027l	52901	52902	4.0	1.0	3.0	8.0
ptg000027l	53001	53002	0.0	1.0	0.0	0.0
ptg000027l	53101	53102	6.0	1.0	10.0	3.0
ptg000027l	53201	53202	8.0	1.0	8.0	1.0
ptg000027l	53301	53302	5.0	3.0	2.0	6.0
ptg000027l	53401	53402	21.0	5.0	16.0	11.0
ptg000027l	53501	53502	30.0	15.0	32.0	13.0
ptg000027l	53601	53602	18.0	11.0	16.0	6.0
ptg000027l	53701	53702	15.0	7.0	15.0	3.0
ptg000027l	53801	53802	2.0	0.0	0.0	1.0
ptg000027l	53901	53902	3.0	0.0	1.0	0.0
ptg000027l	54001	54002	2.0	0.0	0.0	1.0
ptg000027l	54101	54102	0.0	0.0	1.0	0.0
ptg000027l	54201	54202	12.0	3.0	11.0	0.0
ptg000027l	54301	54302	24.0	12.0	18.0	3.0
ptg000027l	54401	54402	24.0	8.0	14.0	8.0
ptg000027l	54501	54502	8.0	3.0	4.0	7.0
ptg000027l	54601	54602	2.0	3.0	3.0	4.0
ptg000027l	54701	54702	28.0	21.0	18.0	17.0
ptg000027l	54801	54802	68.0	37.0	48.0	38.0
ptg000027l	54901	54902	5.0	5.0	8.0	6.0
ptg000027l	55001	55002	2.0	1.0	4.0	2.0
ptg000027l	55101	55102	1.0	0.0	0.0	2.0
ptg000027l	55201	55202	3.0	0.0	1.0	1.0
ptg000027l	55301	55302	22.0	12.0	14.0	8.0
ptg000027l	55401	55402	30.0	16.0	30.0	12.0
ptg000027l	55501	55502	30.0	11.0	18.0	7.0
ptg000027l	55601	55602	27.0	13.0	12.0	8.0
ptg000027l	55701	55702	13.0	5.0	4.0	7.0
ptg000027l	55801	55802	5.0	1.0	3.0	1.0
ptg000027l	55901	55902	66.0	39.0	48.0	43.0
ptg000027l	56001	56002	37.0	28.0	28.0	33.0
ptg000027l	56101	56102	0.0	0.0	0.0	0.0
ptg000027l	56201	56202	0.0	0.0	0.0	0.0
ptg000027l	56301	56302	2.0	0.0	0.0	1.0
ptg000027l	56401	56402	11.0	8.0	7.0	6.0
ptg000027l	56501	56502	89.0	82.0	68.0	60.0
ptg000027l	56601	56602	60.0	60.0	56.0	54.0
ptg000027l	56701	56702	58.0	52.0	56.0	52.0
ptg000027l	56801	56802	0.0	0.0	0.0	0.0
ptg000027l	56901	56902	1.0	0.0	0.0	0.0
ptg000027l	57001	57002	7.0	8.0	9.0	2.0
ptg000027l	57101	57102	29.0	40.0	45.0	37.0
ptg000027l	57201	57202	56.0	54.0	84.0	43.0
ptg000027l	57301	57302	17.0	10.0	26.0	6.0
ptg000027l	57401	57402	7.0	7.0	7.0	6.0
ptg000027l	57501	57502	13.0	18.0	9.0	7.0
ptg000027l	57601	57602	71.0	48.0	64.0	23.0
ptg000027l	57701	57702	288.0	206.0	229.0	145.0
ptg000027l	57801	57802	315.0	203.0	280.0	159.0
ptg000027l	57901	57902	158.0	68.0	101.0	63.0
ptg000027l	58001	58002	127.0	124.0	114.0	113.0
ptg000027l	58101	58102	176.0	129.0	155.0	124.0
ptg000027l	58201	58202	76.0	26.0	81.0	22.0
ptg000027l	58301	58302	76.0	38.0	67.0	32.0
ptg000027l	58401	58402	91.0	55.0	64.0	42.0
ptg000027l	58501	58502	21.0	15.0	19.0	13.0
ptg000027l	58601	58602	81.0	56.0	87.0	52.0
ptg000027l	58701	58702	118.0	84.0	121.0	79.0
ptg000027l	58801	58802	25.0	28.0	26.0	31.0
ptg000027l	58901	58902	7.0	11.0	11.0	11.0
ptg000027l	59001	59002	0.0	0.0	0.0	0.0
ptg000027l	59101	59102	1.0	1.0	4.0	3.0
ptg000027l	59201	59202	2.0	6.0	4.0	1.0
ptg000027l	59301	59302	4.0	3.0	4.0	1.0
ptg000027l	59401	59402	13.0	3.0	14.0	5.0
ptg000027l	59501	59502	27.0	20.0	20.0	25.0
ptg000027l	59601	59602	25.0	21.0	15.0	20.0
ptg000027l	59701	59702	16.0	13.0	12.0	4.0
ptg000027l	59801	59802	4.0	1.0	2.0	1.0
ptg000027l	59901	59902	1.0	3.0	0.0	0.0
ptg000027l	60001	60002	0.0	0.0	0.0	0.0
ptg000027l	60101	60102	1.0	0.0	0.0	0.0
ptg000027l	60201	60202	4.0	2.0	4.0	3.0
ptg000027l	60301	60302	15.0	10.0	23.0	8.0
ptg000027l	60401	60402	17.0	17.0	21.0	6.0
ptg000027l	60501	60502	41.0	49.0	38.0	28.0
ptg000027l	60601	60602	50.0	45.0	47.0	26.0
ptg000027l	60701	60702	0.0	0.0	4.0	1.0
ptg000027l	60801	60802	53.0	68.0	43.0	24.0
ptg000027l	60901	60902	43.0	59.0	39.0	31.0
ptg000027l	61001	61002	5.0	12.0	5.0	8.0
ptg000027l	61101	61102	0.0	4.0	1.0	2.0
ptg000027l	61201	61202	0.0	1.0	0.0	2.0
ptg000027l	61301	61302	9.0	6.0	7.0	10.0
ptg000027l	61401	61402	88.0	76.0	65.0	53.0
ptg000027l	61501	61502	53.0	42.0	31.0	23.0
ptg000027l	61601	61602	76.0	68.0	53.0	33.0
ptg000027l	61701	61702	2.0	1.0	4.0	0.0
ptg000027l	61801	61802	1.0	0.0	1.0	0.0
ptg000027l	61901	61902	4.0	9.0	5.0	5.0
ptg000027l	62001	62002	31.0	17.0	18.0	7.0
ptg000027l	62101	62102	87.0	39.0	73.0	25.0
ptg000027l	62201	62202	40.0	4.0	22.0	9.0
ptg000027l	62301	62302	5.0	4.0	5.0	7.0
ptg000027l	62401	62402	26.0	56.0	28.0	33.0
ptg000027l	62501	62502	61.0	23.0	41.0	19.0
ptg000027l	62601	62602	282.0	193.0	254.0	115.0
ptg000027l	62701	62702	379.0	222.0	358.0	137.0
ptg000027l	62801	62802	205.0	99.0	181.0	74.0
ptg000027l	62901	62902	104.0	113.0	105.0	71.0
ptg000027l	63001	63002	193.0	146.0	156.0	113.0
ptg000027l	63101	63102	98.0	44.0	79.0	25.0
ptg000027l	63201	63202	87.0	67.0	69.0	43.0
ptg000027l	63301	63302	81.0	63.0	61.0	52.0
ptg000027l	63401	63402	30.0	27.0	23.0	22.0
ptg000027l	63501	63502	54.0	49.0	68.0	54.0
ptg000027l	63601	63602	109.0	97.0	131.0	94.0
ptg000027l	63701	63702	29.0	22.0	39.0	30.0
ptg000027l	63801	63802	18.0	4.0	12.0	11.0
ptg000027l	63901	63902	0.0	0.0	0.0	0.0
ptg000027l	64001	64002	1.0	0.0	1.0	1.0
ptg000027l	64101	64102	6.0	2.0	5.0	5.0
ptg000027l	64201	64202	6.0	3.0	3.0	0.0
ptg000027l	64301	64302	22.0	8.0	23.0	4.0
ptg000027l	64401	64402	34.0	17.0	34.0	10.0
ptg000027l	64501	64502	36.0	22.0	36.0	16.0
ptg000027l	64601	64602	15.0	16.0	17.0	4.0
ptg000027l	64701	64702	7.0	7.0	9.0	1.0
ptg000027l	64801	64802	3.0	0.0	4.0	0.0
ptg000027l	64901	64902	0.0	0.0	0.0	0.0
ptg000027l	65001	65002	0.0	0.0	0.0	0.0
ptg000027l	65101	65102	6.0	2.0	1.0	0.0
ptg000027l	65201	65202	21.0	10.0	11.0	4.0
ptg000027l	65301	65302	37.0	25.0	23.0	8.0
ptg000027l	65401	65402	78.0	41.0	46.0	31.0
ptg000027l	65501	65502	85.0	50.0	58.0	55.0
ptg000027l	65601	65602	22.0	19.0	10.0	20.0
ptg000027l	65701	65702	104.0	73.0	83.0	67.0
ptg000027l	65801	65802	127.0	110.0	140.0	106.0
ptg000027l	65901	65902	100.0	80.0	90.0	83.0
ptg000027l	66001	66002	10.0	10.0	9.0	5.0
ptg000027l	66101	66102	0.0	0.0	1.0	0.0
ptg000027l	66201	66202	88.0	77.0	103.0	55.0
ptg000027l	66301	66302	133.0	125.0	168.0	102.0
ptg000027l	66401	66402	14.0	19.0	19.0	23.0
ptg000027l	66501	66502	6.0	7.0	17.0	4.0
ptg000027l	66601	66602	5.0	1.0	4.0	0.0
ptg000027l	66701	66702	8.0	2.0	6.0	0.0
ptg000027l	66801	66802	0.0	0.0	0.0	0.0
ptg000027l	66901	66902	11.0	7.0	14.0	4.0
ptg000027l	67001	67002	43.0	53.0	67.0	34.0
ptg000027l	67101	67102	37.0	27.0	40.0	19.0
ptg000027l	67201	67202	0.0	0.0	0.0	0.0
ptg000027l	67301	67302	4.0	2.0	2.0	2.0
ptg000027l	67401	67402	104.0	113.0	103.0	100.0
ptg000027l	67501	67502	193.0	217.0	210.0	200.0
ptg000027l	67601	67602	89.0	61.0	84.0	66.0
ptg000027l	67701	67702	243.0	192.0	201.0	145.0
ptg000027l	67801	67802	309.0	257.0	278.0	232.0
ptg000027l	67901	67902	2.0	0.0	3.0	1.0
ptg000027l	68001	68002	294.0	252.0	268.0	222.0
ptg000027l	68101	68102	573.0	473.0	499.0	410.0
ptg000027l	68201	68202	302.0	241.0	267.0	185.0
ptg000027l	68301	68302	77.0	43.0	63.0	32.0
ptg000027l	68401	68402	872.0	673.0	739.0	598.0
ptg000027l	68501	68502	1361.0	1197.0	1263.0	998.0
ptg000027l	68601	68602	841.0	795.0	822.0	727.0
ptg000027l	68701	68702	703.0	603.0	673.0	453.0
ptg000027l	68801	68802	91.0	47.0	90.0	22.0
ptg000027l	68901	68902	65.0	61.0	62.0	28.0
ptg000027l	69001	69002	66.0	73.0	63.0	81.0
ptg000027l	69101	69102	83.0	78.0	76.0	81.0
ptg000027l	69201	69202	42.0	61.0	52.0	36.0
ptg000027l	69301	69302	41.0	59.0	47.0	30.0
ptg000027l	69401	69402	4.0	3.0	2.0	2.0
ptg000027l	69501	69502	4.0	5.0	8.0	6.0
ptg000027l	69601	69602	30.0	28.0	32.0	25.0
ptg000027l	69701	69702	14.0	14.0	8.0	9.0
ptg000027l	69801	69802	6.0	7.0	8.0	5.0
ptg000027l	69901	69902	7.0	10.0	8.0	6.0
ptg000027l	70001	70002	0.0	0.0	0.0	1.0
ptg000027l	70101	70102	5.0	3.0	2.0	3.0
ptg000027l	70201	70202	9.0	3.0	4.0	2.0
ptg000027l	70301	70302	17.0	6.0	10.0	6.0
ptg000027l	70401	70402	18.0	11.0	21.0	6.0
ptg000027l	70501	70502	14.0	13.0	8.0	5.0
ptg000027l	70601	70602	26.0	13.0	11.0	10.0
ptg000027l	70701	70702	22.0	14.0	17.0	7.0
ptg000027l	70801	70802	4.0	1.0	4.0	0.0
ptg000027l	70901	70902	8.0	3.0	8.0	6.0
ptg000027l	71001	71002	24.0	17.0	15.0	13.0
ptg000027l	71101	71102	23.0	42.0	41.0	32.0
ptg000027l	71201	71202	187.0	152.0	192.0	134.0
ptg000027l	71301	71302	61.0	49.0	74.0	38.0
ptg000027l	71401	71402	54.0	45.0	46.0	36.0
ptg000027l	71501	71502	1.0	0.0	2.0	1.0
ptg000027l	71601	71602	21.0	14.0	9.0	4.0
ptg000027l	71701	71702	45.0	19.0	20.0	8.0
ptg000027l	71801	71802	165.0	102.0	151.0	60.0
ptg000027l	71901	71902	224.0	146.0	183.0	69.0
ptg000027l	72001	72002	95.0	56.0	68.0	32.0
ptg000027l	72101	72102	87.0	66.0	74.0	37.0
ptg000027l	72201	72202	74.0	56.0	61.0	26.0
ptg000027l	72301	72302	32.0	22.0	30.0	14.0
ptg000027l	72401	72402	46.0	22.0	38.0	25.0
ptg000027l	72501	72502	97.0	50.0	60.0	40.0
ptg000027l	72601	72602	3.0	7.0	2.0	8.0
ptg000027l	72701	72702	0.0	1.0	0.0	0.0
ptg000027l	72801	72802	0.0	0.0	0.0	0.0
ptg000027l	72901	72902	171.0	166.0	105.0	164.0
ptg000027l	73001	73002	328.0	360.0	248.0	320.0
ptg000027l	73101	73102	39.0	37.0	40.0	34.0
ptg000027l	73201	73202	7.0	7.0	7.0	3.0
ptg000027l	73301	73302	2.0	0.0	4.0	3.0
ptg000027l	73401	73402	7.0	4.0	6.0	1.0
ptg000027l	73501	73502	65.0	43.0	60.0	21.0
ptg000027l	73601	73602	84.0	93.0	84.0	65.0
ptg000027l	73701	73702	107.0	128.0	110.0	146.0
ptg000027l	73801	73802	255.0	197.0	196.0	218.0
ptg000027l	73901	73902	319.0	231.0	226.0	223.0
ptg000027l	74001	74002	131.0	112.0	92.0	94.0
ptg000027l	74101	74102	15.0	23.0	15.0	14.0
ptg000027l	74201	74202	2.0	4.0	5.0	0.0
ptg000027l	74301	74302	0.0	0.0	1.0	0.0
ptg000027l	74401	74402	3.0	1.0	2.0	1.0
ptg000027l	74501	74502	4.0	1.0	2.0	3.0
ptg000027l	74601	74602	2.0	0.0	1.0	0.0
ptg000027l	74701	74702	65.0	42.0	61.0	45.0
ptg000027l	74801	74802	20.0	19.0	21.0	22.0
ptg000027l	74901	74902	51.0	25.0	36.0	35.0
ptg000027l	75001	75002	39.0	20.0	28.0	27.0
ptg000027l	75101	75102	52.0	40.0	35.0	31.0
ptg000027l	75201	75202	97.0	90.0	85.0	87.0
ptg000027l	75301	75302	52.0	64.0	59.0	55.0
ptg000027l	75401	75402	21.0	26.0	20.0	16.0
ptg000027l	75501	75502	16.0	12.0	9.0	10.0
ptg000027l	75601	75602	4.0	3.0	1.0	1.0
ptg000027l	75701	75702	2.0	1.0	2.0	1.0
ptg000027l	75801	75802	38.0	33.0	35.0	19.0
ptg000027l	75901	75902	27.0	31.0	28.0	17.0
ptg000027l	76001	76002	8.0	3.0	5.0	6.0
ptg000027l	76101	76102	23.0	36.0	34.0	27.0
ptg000027l	76201	76202	17.0	21.0	15.0	17.0
ptg000027l	76301	76302	118.0	108.0	107.0	90.0
ptg000027l	76401	76402	75.0	66.0	62.0	50.0
ptg000027l	76501	76502	1.0	1.0	0.0	0.0
ptg000027l	76601	76602	9.0	5.0	3.0	13.0
ptg000027l	76701	76702	0.0	0.0	0.0	0.0
ptg000027l	76801	76802	22.0	19.0	32.0	25.0
ptg000027l	76901	76902	28.0	28.0	45.0	30.0
ptg000027l	77001	77002	3.0	2.0	2.0	2.0
ptg000027l	77101	77102	7.0	4.0	7.0	5.0
ptg000027l	77201	77202	47.0	41.0	42.0	41.0
ptg000027l	77301	77302	2.0	5.0	4.0	3.0
ptg000027l	77401	77402	38.0	44.0	30.0	36.0
ptg000027l	77501	77502	49.0	73.0	39.0	57.0
ptg000027l	77601	77602	10.0	7.0	2.0	5.0
ptg000027l	77701	77702	3.0	5.0	11.0	0.0
ptg000027l	77801	77802	6.0	9.0	12.0	2.0
ptg000027l	77901	77902	1.0	1.0	1.0	0.0
ptg000027l	78001	78002	0.0	0.0	0.0	0.0
ptg000027l	78101	78102	7.0	6.0	3.0	6.0
ptg000027l	78201	78202	4.0	3.0	2.0	4.0
ptg000027l	78301	78302	15.0	13.0	9.0	8.0
ptg000027l	78401	78402	37.0	28.0	19.0	29.0
ptg000027l	78501	78502	17.0	17.0	11.0	21.0
ptg000027l	78601	78602	66.0	37.0	52.0	57.0
ptg000027l	78701	78702	11.0	4.0	13.0	22.0
ptg000027l	78801	78802	0.0	1.0	2.0	2.0
ptg000027l	78901	78902	15.0	10.0	10.0	6.0
ptg000027l	79001	79002	28.0	18.0	19.0	15.0
ptg000027l	79101	79102	9.0	1.0	8.0	3.0
ptg000027l	79201	79202	44.0	15.0	32.0	8.0
ptg000027l	79301	79302	217.0	174.0	201.0	152.0
ptg000027l	79401	79402	331.0	274.0	331.0	275.0
ptg000027l	79501	79502	46.0	76.0	63.0	55.0
ptg000027l	79601	79602	7.0	7.0	6.0	2.0
ptg000027l	79701	79702	4.0	5.0	6.0	4.0
ptg000027l	79801	79802	78.0	86.0	103.0	56.0
ptg000027l	79901	79902	316.0	202.0	304.0	150.0
ptg000027l	80001	80002	19.0	10.0	17.0	4.0
ptg000027l	80101	80102	3.0	0.0	1.0	1.0
ptg000027l	80201	80202	9.0	1.0	6.0	2.0
ptg000027l	80301	80302	15.0	3.0	9.0	2.0
ptg000027l	80401	80402	16.0	3.0	7.0	4.0
ptg000027l	80501	80502	36.0	38.0	33.0	26.0
ptg000027l	80601	80602	14.0	25.0	13.0	16.0
ptg000027l	80701	80702	66.0	62.0	48.0	36.0
ptg000027l	80801	80802	49.0	38.0	35.0	26.0
ptg000027l	80901	80902	2.0	1.0	0.0	2.0
ptg000027l	81001	81002	1.0	1.0	0.0	0.0
ptg000027l	81101	81102	4.0	0.0	2.0	0.0
ptg000027l	81201	81202	5.0	1.0	1.0	0.0
ptg000027l	81301	81302	33.0	11.0	15.0	3.0
ptg000027l	81401	81402	51.0	30.0	45.0	9.0
ptg000027l	81501	81502	58.0	43.0	53.0	17.0
ptg000027l	81601	81602	41.0	19.0	24.0	12.0
ptg000027l	81701	81702	17.0	8.0	8.0	6.0
ptg000027l	81801	81802	2.0	1.0	2.0	0.0
ptg000027l	81901	81902	2.0	1.0	0.0	0.0
ptg000027l	82001	82002	7.0	7.0	13.0	9.0
ptg000027l	82101	82102	11.0	12.0	16.0	5.0
ptg000027l	82201	82202	78.0	54.0	71.0	26.0
ptg000027l	82301	82302	114.0	61.0	89.0	40.0
ptg000027l	82401	82402	29.0	23.0	27.0	21.0
ptg000027l	82501	82502	18.0	17.0	14.0	13.0
ptg000027l	82601	82602	173.0	132.0	162.0	70.0
ptg000027l	82701	82702	143.0	123.0	140.0	73.0
ptg000027l	82801	82802	65.0	59.0	43.0	42.0
ptg000027l	82901	82902	47.0	48.0	43.0	25.0
ptg000027l	83001	83002	33.0	14.0	25.0	4.0
ptg000027l	83101	83102	74.0	34.0	82.0	14.0
ptg000027l	83201	83202	78.0	61.0	74.0	42.0
ptg000027l	83301	83302	47.0	43.0	39.0	41.0
ptg000027l	83401	83402	19.0	15.0	28.0	15.0
ptg000027l	83501	83502	6.0	6.0	8.0	1.0
ptg000027l	83601	83602	3.0	1.0	1.0	0.0
ptg000027l	83701	83702	0.0	0.0	0.0	0.0
ptg000027l	83801	83802	1.0	0.0	0.0	0.0
ptg000027l	83901	83902	27.0	16.0	19.0	19.0
ptg000027l	84001	84002	9.0	9.0	16.0	9.0
ptg000027l	84101	84102	12.0	8.0	14.0	3.0
ptg000027l	84201	84202	149.0	137.0	161.0	108.0
ptg000027l	84301	84302	115.0	98.0	122.0	72.0
ptg000027l	84401	84402	7.0	5.0	12.0	10.0
ptg000027l	84501	84502	19.0	11.0	17.0	4.0
ptg000027l	84601	84602	7.0	4.0	1.0	0.0
ptg000027l	84701	84702	0.0	1.0	2.0	3.0
ptg000027l	84801	84802	20.0	13.0	22.0	18.0
ptg000027l	84901	84902	30.0	30.0	32.0	29.0
ptg000027l	85001	85002	8.0	3.0	6.0	4.0
ptg000027l	85101	85102	16.0	17.0	14.0	7.0
ptg000027l	85201	85202	2.0	1.0	4.0	1.0
ptg000027l	85301	85302	0.0	0.0	7.0	1.0
ptg000027l	85401	85402	0.0	0.0	0.0	0.0
ptg000027l	85501	85502	0.0	3.0	1.0	4.0
ptg000027l	85601	85602	4.0	0.0	2.0	2.0
ptg000027l	85701	85702	0.0	4.0	1.0	2.0
ptg000027l	85801	85802	0.0	0.0	0.0	0.0
ptg000027l	85901	85902	25.0	15.0	23.0	7.0
ptg000027l	86001	86002	74.0	66.0	50.0	64.0
ptg000027l	86101	86102	43.0	42.0	42.0	35.0
ptg000027l	86201	86202	52.0	42.0	45.0	33.0
ptg000027l	86301	86302	87.0	91.0	73.0	94.0
ptg000027l	86401	86402	53.0	53.0	36.0	56.0
ptg000027l	86501	86502	26.0	21.0	13.0	14.0
ptg000027l	86601	86602	31.0	13.0	27.0	13.0
ptg000027l	86701	86702	85.0	43.0	71.0	20.0
ptg000027l	86801	86802	20.0	12.0	16.0	2.0
ptg000027l	86901	86902	25.0	40.0	17.0	27.0
ptg000027l	87001	87002	38.0	55.0	27.0	48.0
ptg000027l	87101	87102	29.0	16.0	21.0	13.0
ptg000027l	87201	87202	98.0	69.0	88.0	30.0
ptg000027l	87301	87302	13.0	6.0	15.0	3.0
ptg000027l	87401	87402	0.0	0.0	1.0	0.0
ptg000027l	87501	87502	48.0	42.0	44.0	46.0
ptg000027l	87601	87602	213.0	202.0	174.0	179.0
ptg000027l	87701	87702	168.0	161.0	146.0	137.0
ptg000027l	87801	87802	100.0	89.0	107.0	57.0
ptg000027l	87901	87902	537.0	516.0	479.0	574.0
ptg000027l	88001	88002	229.0	229.0	177.0	304.0
ptg000027l	88101	88102	41.0	28.0	51.0	27.0
ptg000027l	88201	88202	365.0	335.0	357.0	267.0
ptg000027l	88301	88302	1052.0	850.0	855.0	805.0
ptg000027l	88401	88402	506.0	413.0	400.0	446.0
ptg000027l	88501	88502	3.0	2.0	3.0	0.0
ptg000027l	88601	88602	13.0	12.0	8.0	6.0
ptg000027l	88701	88702	224.0	175.0	177.0	128.0
ptg000027l	88801	88802	51.0	40.0	38.0	30.0
ptg000027l	88901	88902	25.0	9.0	18.0	15.0
ptg000027l	89001	89002	9.0	3.0	8.0	5.0
ptg000027l	89101	89102	0.0	0.0	0.0	2.0
ptg000027l	89201	89202	0.0	0.0	1.0	0.0
ptg000027l	89301	89302	0.0	1.0	2.0	4.0
ptg000027l	89401	89402	0.0	0.0	0.0	0.0
ptg000027l	89501	89502	9.0	12.0	7.0	8.0
ptg000027l	89601	89602	13.0	6.0	7.0	10.0
ptg000027l	89701	89702	11.0	5.0	12.0	2.0
ptg000027l	89801	89802	49.0	43.0	51.0	47.0
ptg000027l	89901	89902	63.0	54.0	71.0	60.0
ptg000027l	90001	90002	36.0	12.0	18.0	15.0
ptg000027l	90101	90102	106.0	95.0	72.0	89.0
ptg000027l	90201	90202	67.0	78.0	49.0	72.0
ptg000027l	90301	90302	41.0	44.0	47.0	36.0
ptg000027l	90401	90402	14.0	30.0	9.0	16.0
ptg000027l	90501	90502	15.0	16.0	11.0	14.0
ptg000027l	90601	90602	38.0	31.0	23.0	21.0
ptg000027l	90701	90702	57.0	57.0	54.0	39.0
ptg000027l	90801	90802	23.0	17.0	19.0	14.0
ptg000027l	90901	90902	102.0	86.0	110.0	71.0
ptg000027l	91001	91002	28.0	11.0	26.0	12.0
ptg000027l	91101	91102	1.0	1.0	1.0	1.0
ptg000027l	91201	91202	33.0	39.0	26.0	34.0
ptg000027l	91301	91302	155.0	158.0	136.0	125.0
ptg000027l	91401	91402	179.0	156.0	142.0	133.0
ptg000027l	91501	91502	76.0	48.0	80.0	25.0
ptg000027l	91601	91602	265.0	233.0	238.0	199.0
ptg000027l	91701	91702	123.0	110.0	108.0	89.0
ptg000027l	91801	91802	34.0	41.0	21.0	12.0
ptg000027l	91901	91902	291.0	284.0	275.0	213.0
ptg000027l	92001	92002	366.0	310.0	358.0	261.0
ptg000027l	92101	92102	77.0	25.0	59.0	24.0
ptg000027l	92201	92202	605.0	489.0	504.0	477.0
ptg000027l	92301	92302	1040.0	880.0	980.0	915.0
ptg000027l	92401	92402	849.0	776.0	771.0	780.0
ptg000027l	92501	92502	563.0	481.0	483.0	489.0
ptg000027l	92601	92602	118.0	75.0	69.0	85.0
ptg000027l	92701	92702	6.0	4.0	4.0	2.0
ptg000027l	92801	92802	0.0	0.0	0.0	0.0
ptg000027l	92901	92902	2.0	1.0	3.0	1.0
ptg000027l	93001	93002	10.0	7.0	21.0	5.0
ptg000027l	93101	93102	14.0	16.0	12.0	7.0
ptg000027l	93201	93202	39.0	48.0	40.0	47.0
ptg000027l	93301	93302	50.0	47.0	35.0	55.0
ptg000027l	93401	93402	45.0	47.0	28.0	47.0
ptg000027l	93501	93502	35.0	21.0	19.0	27.0
ptg000027l	93601	93602	40.0	30.0	32.0	31.0
ptg000027l	93701	93702	31.0	28.0	28.0	21.0
ptg000027l	93801	93802	15.0	15.0	15.0	10.0
ptg000027l	93901	93902	85.0	69.0	71.0	60.0
ptg000027l	94001	94002	107.0	94.0	97.0	81.0
ptg000027l	94101	94102	84.0	66.0	68.0	57.0
ptg000027l	94201	94202	89.0	68.0	97.0	67.0
ptg000027l	94301	94302	110.0	88.0	99.0	79.0
ptg000027l	94401	94402	117.0	87.0	102.0	115.0
ptg000027l	94501	94502	147.0	144.0	117.0	148.0
ptg000027l	94601	94602	139.0	123.0	115.0	135.0
ptg000027l	94701	94702	129.0	133.0	124.0	118.0
ptg000027l	94801	94802	132.0	111.0	96.0	96.0
ptg000027l	94901	94902	87.0	65.0	60.0	72.0
ptg000027l	95001	95002	67.0	56.0	73.0	51.0
ptg000027l	95101	95102	24.0	23.0	36.0	29.0
ptg000027l	95201	95202	28.0	24.0	35.0	22.0
ptg000027l	95301	95302	49.0	36.0	44.0	35.0
ptg000027l	95401	95402	39.0	40.0	25.0	23.0
ptg000027l	95501	95502	30.0	21.0	17.0	8.0
ptg000027l	95601	95602	4.0	8.0	1.0	6.0
ptg000027l	95701	95702	22.0	22.0	11.0	21.0
ptg000027l	95801	95802	102.0	96.0	84.0	67.0
ptg000027l	95901	95902	15.0	12.0	16.0	12.0
ptg000027l	96001	96002	19.0	14.0	26.0	15.0
ptg000027l	96101	96102	6.0	3.0	11.0	7.0
ptg000027l	96201	96202	4.0	4.0	7.0	6.0
ptg000027l	96301	96302	3.0	0.0	4.0	5.0
ptg000027l	96401	96402	10.0	1.0	6.0	0.0
ptg000027l	96501	96502	531.0	531.0	559.0	429.0
ptg000027l	96601	96602	396.0	356.0	348.0	333.0
ptg000027l	96701	96702	402.0	437.0	392.0	305.0
ptg000027l	96801	96802	131.0	88.0	108.0	45.0
ptg000027l	96901	96902	532.0	490.0	500.0	351.0
ptg000027l	97001	97002	282.0	238.0	285.0	145.0
ptg000027l	97101	97102	65.0	28.0	81.0	30.0
ptg000027l	97201	97202	47.0	31.0	50.0	24.0
ptg000027l	97301	97302	107.0	74.0	89.0	43.0
ptg000027l	97401	97402	530.0	392.0	418.0	259.0
ptg000027l	97501	97502	1035.0	1005.0	943.0	735.0
ptg000027l	97601	97602	479.0	425.0	425.0	362.0
ptg000027l	97701	97702	247.0	221.0	222.0	185.0
ptg000027l	97801	97802	299.0	247.0	258.0	144.0
ptg000027l	97901	97902	89.0	55.0	93.0	25.0
ptg000027l	98001	98002	19.0	16.0	26.0	9.0
ptg000027l	98101	98102	3.0	3.0	5.0	2.0
ptg000027l	98201	98202	5.0	5.0	4.0	0.0
ptg000027l	98301	98302	63.0	49.0	53.0	28.0
ptg000027l	98401	98402	122.0	101.0	95.0	66.0
ptg000027l	98501	98502	23.0	33.0	19.0	27.0
ptg000027l	98601	98602	5.0	3.0	6.0	5.0
ptg000027l	98701	98702	1.0	0.0	0.0	0.0
ptg000027l	98801	98802	3.0	2.0	6.0	3.0
ptg000027l	98901	98902	6.0	0.0	0.0	1.0
ptg000027l	99001	99002	14.0	5.0	5.0	5.0
ptg000027l	99101	99102	60.0	47.0	38.0	37.0
ptg000027l	99201	99202	26.0	16.0	17.0	8.0
ptg000027l	99301	99302	24.0	23.0	19.0	23.0
ptg000027l	99401	99402	50.0	62.0	56.0	61.0
ptg000027l	99501	99502	57.0	64.0	55.0	51.0
ptg000027l	99601	99602	2.0	1.0	2.0	0.0
ptg000027l	99701	99702	16.0	18.0	20.0	10.0
ptg000027l	99801	99802	14.0	23.0	19.0	8.0
ptg000027l	99901	99902	4.0	12.0	11.0	8.0
ptg000027l	100001	100002	42.0	55.0	48.0	38.0
ptg000027l	100101	100102	50.0	46.0	54.0	41.0
ptg000027l	100201	100202	1.0	1.0	2.0	2.0
ptg000027l	100301	100302	0.0	1.0	0.0	0.0
ptg000027l	100401	100402	1.0	2.0	1.0	2.0
ptg000027l	100501	100502	2.0	2.0	2.0	2.0
ptg000027l	100601	100602	0.0	0.0	1.0	2.0
ptg000027l	100701	100702	40.0	22.0	29.0	19.0
ptg000027l	100801	100802	41.0	18.0	28.0	26.0
ptg000027l	100901	100902	4.0	0.0	1.0	2.0
ptg000027l	101001	101002	7.0	1.0	3.0	3.0
ptg000027l	101101	101102	21.0	30.0	24.0	33.0
ptg000027l	101201	101202	5.0	10.0	10.0	9.0
ptg000027l	101301	101302	11.0	18.0	21.0	15.0
ptg000027l	101401	101402	21.0	26.0	16.0	22.0
ptg000027l	101501	101502	16.0	32.0	14.0	24.0
ptg000027l	101601	101602	25.0	39.0	22.0	25.0
ptg000027l	101701	101702	17.0	22.0	18.0	29.0
