#plotCoverage --outRawCounts
#'chr'	'start'	'end'	'S1.dedup.bam'	'S2.dedup.bam'	'S3.dedup.bam'	'S4.dedup.bam'
ptg000028l	1	2	0.0	0.0	0.0	0.0
ptg000028l	101	102	0.0	0.0	0.0	1.0
ptg000028l	201	202	0.0	0.0	0.0	0.0
ptg000028l	301	302	0.0	0.0	0.0	0.0
ptg000028l	401	402	0.0	0.0	0.0	0.0
ptg000028l	501	502	0.0	4.0	0.0	0.0
ptg000028l	601	602	4.0	3.0	1.0	8.0
ptg000028l	701	702	17.0	11.0	20.0	17.0
ptg000028l	801	802	28.0	25.0	19.0	25.0
ptg000028l	901	902	24.0	32.0	14.0	22.0
ptg000028l	1001	1002	32.0	23.0	23.0	24.0
ptg000028l	1101	1102	50.0	47.0	39.0	42.0
ptg000028l	1201	1202	37.0	41.0	28.0	33.0
ptg000028l	1301	1302	30.0	32.0	18.0	30.0
ptg000028l	1401	1402	13.0	17.0	12.0	18.0
ptg000028l	1501	1502	10.0	16.0	17.0	11.0
ptg000028l	1601	1602	16.0	18.0	20.0	12.0
ptg000028l	1701	1702	11.0	14.0	11.0	14.0
ptg000028l	1801	1802	6.0	13.0	10.0	17.0
ptg000028l	1901	1902	2.0	14.0	5.0	11.0
ptg000028l	2001	2002	11.0	18.0	5.0	6.0
ptg000028l	2101	2102	14.0	15.0	8.0	7.0
ptg000028l	2201	2202	14.0	26.0	12.0	15.0
ptg000028l	2301	2302	12.0	26.0	13.0	17.0
ptg000028l	2401	2402	14.0	15.0	11.0	16.0
ptg000028l	2501	2502	24.0	14.0	13.0	14.0
ptg000028l	2601	2602	15.0	18.0	17.0	20.0
ptg000028l	2701	2702	19.0	15.0	9.0	23.0
ptg000028l	2801	2802	8.0	9.0	6.0	19.0
ptg000028l	2901	2902	10.0	7.0	13.0	17.0
ptg000028l	3001	3002	10.0	23.0	12.0	19.0
ptg000028l	3101	3102	14.0	25.0	14.0	14.0
ptg000028l	3201	3202	18.0	18.0	19.0	8.0
ptg000028l	3301	3302	14.0	17.0	14.0	11.0
ptg000028l	3401	3402	13.0	20.0	19.0	15.0
ptg000028l	3501	3502	20.0	22.0	25.0	14.0
ptg000028l	3601	3602	23.0	30.0	27.0	18.0
ptg000028l	3701	3702	23.0	25.0	15.0	15.0
ptg000028l	3801	3802	35.0	29.0	19.0	25.0
ptg000028l	3901	3902	28.0	34.0	25.0	40.0
ptg000028l	4001	4002	32.0	39.0	21.0	25.0
ptg000028l	4101	4102	26.0	31.0	23.0	26.0
ptg000028l	4201	4202	39.0	30.0	27.0	40.0
ptg000028l	4301	4302	48.0	44.0	56.0	58.0
ptg000028l	4401	4402	29.0	34.0	27.0	30.0
ptg000028l	4501	4502	10.0	24.0	3.0	18.0
ptg000028l	4601	4602	13.0	27.0	24.0	20.0
ptg000028l	4701	4702	39.0	51.0	31.0	50.0
ptg000028l	4801	4802	30.0	43.0	21.0	38.0
ptg000028l	4901	4902	35.0	36.0	28.0	29.0
ptg000028l	5001	5002	33.0	37.0	37.0	36.0
ptg000028l	5101	5102	39.0	42.0	34.0	32.0
ptg000028l	5201	5202	21.0	39.0	21.0	19.0
ptg000028l	5301	5302	43.0	53.0	38.0	42.0
ptg000028l	5401	5402	80.0	84.0	63.0	73.0
ptg000028l	5501	5502	62.0	59.0	56.0	46.0
ptg000028l	5601	5602	91.0	69.0	62.0	48.0
ptg000028l	5701	5702	55.0	50.0	54.0	44.0
ptg000028l	5801	5802	24.0	23.0	39.0	22.0
ptg000028l	5901	5902	28.0	23.0	24.0	20.0
ptg000028l	6001	6002	18.0	14.0	25.0	14.0
ptg000028l	6101	6102	26.0	25.0	31.0	24.0
ptg000028l	6201	6202	15.0	22.0	17.0	27.0
ptg000028l	6301	6302	6.0	8.0	2.0	10.0
ptg000028l	6401	6402	19.0	12.0	10.0	18.0
ptg000028l	6501	6502	15.0	16.0	10.0	19.0
ptg000028l	6601	6602	8.0	8.0	9.0	6.0
ptg000028l	6701	6702	8.0	11.0	8.0	7.0
ptg000028l	6801	6802	13.0	13.0	8.0	9.0
ptg000028l	6901	6902	13.0	10.0	8.0	8.0
ptg000028l	7001	7002	4.0	2.0	3.0	2.0
ptg000028l	7101	7102	20.0	18.0	9.0	5.0
ptg000028l	7201	7202	0.0	2.0	1.0	1.0
ptg000028l	7301	7302	0.0	0.0	1.0	1.0
ptg000028l	7401	7402	3.0	0.0	2.0	5.0
ptg000028l	7501	7502	14.0	8.0	9.0	11.0
ptg000028l	7601	7602	4.0	6.0	8.0	7.0
ptg000028l	7701	7702	5.0	0.0	8.0	2.0
ptg000028l	7801	7802	15.0	9.0	19.0	22.0
ptg000028l	7901	7902	14.0	8.0	6.0	11.0
ptg000028l	8001	8002	4.0	1.0	3.0	3.0
ptg000028l	8101	8102	5.0	3.0	10.0	2.0
ptg000028l	8201	8202	6.0	4.0	9.0	6.0
ptg000028l	8301	8302	8.0	7.0	5.0	2.0
ptg000028l	8401	8402	18.0	23.0	22.0	15.0
ptg000028l	8501	8502	28.0	21.0	17.0	26.0
ptg000028l	8601	8602	21.0	18.0	17.0	23.0
ptg000028l	8701	8702	14.0	17.0	11.0	18.0
ptg000028l	8801	8802	23.0	26.0	14.0	23.0
ptg000028l	8901	8902	16.0	10.0	15.0	13.0
ptg000028l	9001	9002	0.0	0.0	0.0	0.0
ptg000028l	9101	9102	4.0	5.0	4.0	3.0
ptg000028l	9201	9202	10.0	18.0	8.0	10.0
ptg000028l	9301	9302	14.0	9.0	3.0	5.0
ptg000028l	9401	9402	4.0	2.0	0.0	2.0
ptg000028l	9501	9502	2.0	1.0	1.0	0.0
ptg000028l	9601	9602	10.0	7.0	4.0	4.0
ptg000028l	9701	9702	10.0	16.0	15.0	10.0
ptg000028l	9801	9802	18.0	21.0	18.0	18.0
ptg000028l	9901	9902	16.0	14.0	16.0	14.0
ptg000028l	10001	10002	10.0	10.0	14.0	6.0
ptg000028l	10101	10102	2.0	8.0	7.0	7.0
ptg000028l	10201	10202	8.0	8.0	14.0	10.0
ptg000028l	10301	10302	2.0	0.0	2.0	1.0
ptg000028l	10401	10402	1.0	1.0	0.0	0.0
ptg000028l	10501	10502	57.0	51.0	56.0	41.0
ptg000028l	10601	10602	59.0	74.0	56.0	55.0
ptg000028l	10701	10702	65.0	44.0	40.0	66.0
ptg000028l	10801	10802	15.0	18.0	15.0	17.0
ptg000028l	10901	10902	20.0	14.0	14.0	18.0
ptg000028l	11001	11002	30.0	26.0	26.0	32.0
ptg000028l	11101	11102	38.0	38.0	39.0	32.0
ptg000028l	11201	11202	43.0	50.0	32.0	41.0
ptg000028l	11301	11302	36.0	31.0	20.0	31.0
ptg000028l	11401	11402	21.0	11.0	17.0	12.0
ptg000028l	11501	11502	4.0	2.0	4.0	1.0
ptg000028l	11601	11602	111.0	127.0	78.0	106.0
ptg000028l	11701	11702	35.0	41.0	33.0	30.0
ptg000028l	11801	11802	43.0	54.0	53.0	54.0
ptg000028l	11901	11902	55.0	73.0	47.0	54.0
ptg000028l	12001	12002	31.0	35.0	31.0	35.0
ptg000028l	12101	12102	35.0	49.0	32.0	37.0
ptg000028l	12201	12202	26.0	62.0	41.0	52.0
ptg000028l	12301	12302	15.0	33.0	28.0	35.0
ptg000028l	12401	12402	20.0	37.0	33.0	41.0
ptg000028l	12501	12502	23.0	41.0	14.0	32.0
ptg000028l	12601	12602	20.0	29.0	20.0	19.0
ptg000028l	12701	12702	37.0	50.0	23.0	33.0
ptg000028l	12801	12802	40.0	44.0	17.0	43.0
ptg000028l	12901	12902	45.0	45.0	26.0	52.0
ptg000028l	13001	13002	29.0	26.0	24.0	36.0
ptg000028l	13101	13102	26.0	36.0	31.0	47.0
ptg000028l	13201	13202	29.0	33.0	21.0	21.0
ptg000028l	13301	13302	44.0	43.0	20.0	37.0
ptg000028l	13401	13402	39.0	46.0	30.0	33.0
ptg000028l	13501	13502	31.0	51.0	31.0	47.0
ptg000028l	13601	13602	13.0	12.0	9.0	24.0
ptg000028l	13701	13702	13.0	13.0	12.0	15.0
ptg000028l	13801	13802	30.0	33.0	21.0	36.0
ptg000028l	13901	13902	14.0	18.0	17.0	17.0
ptg000028l	14001	14002	9.0	15.0	17.0	20.0
ptg000028l	14101	14102	8.0	18.0	10.0	14.0
ptg000028l	14201	14202	3.0	8.0	0.0	4.0
ptg000028l	14301	14302	6.0	5.0	2.0	2.0
ptg000028l	14401	14402	6.0	14.0	7.0	7.0
ptg000028l	14501	14502	2.0	2.0	8.0	17.0
ptg000028l	14601	14602	0.0	0.0	4.0	11.0
ptg000028l	14701	14702	5.0	13.0	4.0	9.0
ptg000028l	14801	14802	12.0	19.0	13.0	27.0
ptg000028l	14901	14902	13.0	17.0	14.0	32.0
ptg000028l	15001	15002	10.0	24.0	11.0	30.0
ptg000028l	15101	15102	24.0	17.0	24.0	23.0
ptg000028l	15201	15202	25.0	21.0	20.0	22.0
ptg000028l	15301	15302	12.0	16.0	12.0	21.0
ptg000028l	15401	15402	1.0	0.0	0.0	2.0
ptg000028l	15501	15502	14.0	18.0	14.0	25.0
ptg000028l	15601	15602	23.0	33.0	21.0	23.0
ptg000028l	15701	15702	28.0	26.0	13.0	18.0
ptg000028l	15801	15802	28.0	22.0	19.0	45.0
ptg000028l	15901	15902	47.0	27.0	20.0	41.0
ptg000028l	16001	16002	37.0	31.0	20.0	38.0
ptg000028l	16101	16102	28.0	27.0	15.0	26.0
ptg000028l	16201	16202	2.0	4.0	1.0	0.0
ptg000028l	16301	16302	5.0	7.0	9.0	3.0
ptg000028l	16401	16402	15.0	23.0	10.0	7.0
ptg000028l	16501	16502	12.0	22.0	11.0	7.0
ptg000028l	16601	16602	0.0	0.0	0.0	0.0
ptg000028l	16701	16702	16.0	12.0	11.0	14.0
ptg000028l	16801	16802	61.0	44.0	40.0	32.0
ptg000028l	16901	16902	80.0	54.0	42.0	40.0
ptg000028l	17001	17002	60.0	55.0	34.0	34.0
ptg000028l	17101	17102	23.0	24.0	22.0	15.0
ptg000028l	17201	17202	15.0	18.0	18.0	22.0
ptg000028l	17301	17302	29.0	22.0	24.0	28.0
ptg000028l	17401	17402	61.0	39.0	47.0	49.0
ptg000028l	17501	17502	56.0	50.0	58.0	54.0
ptg000028l	17601	17602	59.0	56.0	55.0	44.0
ptg000028l	17701	17702	45.0	34.0	57.0	41.0
ptg000028l	17801	17802	71.0	42.0	69.0	50.0
ptg000028l	17901	17902	47.0	54.0	48.0	29.0
ptg000028l	18001	18002	25.0	37.0	28.0	9.0
ptg000028l	18101	18102	18.0	8.0	6.0	9.0
ptg000028l	18201	18202	26.0	13.0	12.0	20.0
ptg000028l	18301	18302	20.0	11.0	8.0	14.0
ptg000028l	18401	18402	7.0	10.0	5.0	14.0
ptg000028l	18501	18502	1.0	2.0	0.0	0.0
ptg000028l	18601	18602	2.0	3.0	4.0	3.0
ptg000028l	18701	18702	12.0	12.0	11.0	7.0
ptg000028l	18801	18802	15.0	13.0	11.0	13.0
ptg000028l	18901	18902	13.0	9.0	9.0	8.0
ptg000028l	19001	19002	0.0	1.0	1.0	0.0
ptg000028l	19101	19102	1.0	0.0	0.0	1.0
ptg000028l	19201	19202	3.0	1.0	2.0	2.0
ptg000028l	19301	19302	2.0	3.0	3.0	2.0
ptg000028l	19401	19402	9.0	15.0	15.0	11.0
ptg000028l	19501	19502	23.0	23.0	23.0	17.0
ptg000028l	19601	19602	28.0	24.0	22.0	20.0
ptg000028l	19701	19702	26.0	24.0	23.0	19.0
ptg000028l	19801	19802	31.0	21.0	25.0	11.0
ptg000028l	19901	19902	8.0	6.0	7.0	3.0
ptg000028l	20001	20002	9.0	8.0	18.0	16.0
ptg000028l	20101	20102	25.0	20.0	24.0	13.0
ptg000028l	20201	20202	3.0	5.0	3.0	4.0
ptg000028l	20301	20302	11.0	7.0	7.0	5.0
ptg000028l	20401	20402	19.0	16.0	16.0	10.0
ptg000028l	20501	20502	10.0	12.0	7.0	3.0
ptg000028l	20601	20602	10.0	12.0	9.0	9.0
ptg000028l	20701	20702	22.0	19.0	23.0	19.0
ptg000028l	20801	20802	22.0	14.0	25.0	16.0
ptg000028l	20901	20902	49.0	36.0	57.0	36.0
ptg000028l	21001	21002	66.0	58.0	73.0	42.0
ptg000028l	21101	21102	64.0	56.0	79.0	57.0
ptg000028l	21201	21202	86.0	66.0	98.0	67.0
ptg000028l	21301	21302	81.0	64.0	78.0	78.0
ptg000028l	21401	21402	73.0	48.0	61.0	51.0
ptg000028l	21501	21502	52.0	34.0	40.0	40.0
ptg000028l	21601	21602	54.0	27.0	44.0	39.0
ptg000028l	21701	21702	35.0	26.0	21.0	38.0
ptg000028l	21801	21802	20.0	14.0	10.0	25.0
ptg000028l	21901	21902	20.0	19.0	13.0	19.0
ptg000028l	22001	22002	33.0	34.0	29.0	41.0
ptg000028l	22101	22102	15.0	31.0	12.0	26.0
ptg000028l	22201	22202	14.0	16.0	9.0	17.0
ptg000028l	22301	22302	2.0	3.0	3.0	0.0
ptg000028l	22401	22402	1.0	1.0	3.0	1.0
ptg000028l	22501	22502	0.0	0.0	0.0	0.0
ptg000028l	22601	22602	0.0	2.0	0.0	3.0
ptg000028l	22701	22702	0.0	1.0	0.0	0.0
ptg000028l	22801	22802	2.0	1.0	2.0	0.0
ptg000028l	22901	22902	1.0	1.0	2.0	1.0
ptg000028l	23001	23002	0.0	1.0	2.0	1.0
ptg000028l	23101	23102	4.0	2.0	7.0	3.0
ptg000028l	23201	23202	10.0	12.0	13.0	9.0
ptg000028l	23301	23302	19.0	27.0	19.0	13.0
ptg000028l	23401	23402	25.0	28.0	18.0	18.0
ptg000028l	23501	23502	21.0	35.0	18.0	36.0
ptg000028l	23601	23602	15.0	30.0	24.0	37.0
ptg000028l	23701	23702	17.0	48.0	30.0	36.0
ptg000028l	23801	23802	22.0	43.0	41.0	41.0
ptg000028l	23901	23902	15.0	23.0	15.0	20.0
ptg000028l	24001	24002	7.0	7.0	8.0	8.0
ptg000028l	24101	24102	20.0	29.0	17.0	40.0
ptg000028l	24201	24202	11.0	15.0	12.0	27.0
ptg000028l	24301	24302	4.0	1.0	2.0	3.0
ptg000028l	24401	24402	9.0	3.0	15.0	6.0
ptg000028l	24501	24502	4.0	4.0	7.0	1.0
ptg000028l	24601	24602	2.0	3.0	1.0	0.0
ptg000028l	24701	24702	12.0	4.0	15.0	2.0
ptg000028l	24801	24802	16.0	3.0	13.0	3.0
ptg000028l	24901	24902	11.0	5.0	15.0	2.0
ptg000028l	25001	25002	4.0	6.0	4.0	6.0
ptg000028l	25101	25102	11.0	15.0	16.0	13.0
ptg000028l	25201	25202	3.0	5.0	6.0	7.0
ptg000028l	25301	25302	0.0	4.0	1.0	1.0
ptg000028l	25401	25402	0.0	2.0	1.0	0.0
ptg000028l	25501	25502	4.0	4.0	8.0	7.0
ptg000028l	25601	25602	0.0	0.0	1.0	0.0
ptg000028l	25701	25702	5.0	3.0	7.0	11.0
ptg000028l	25801	25802	12.0	7.0	7.0	13.0
ptg000028l	25901	25902	16.0	18.0	18.0	17.0
ptg000028l	26001	26002	34.0	31.0	41.0	44.0
ptg000028l	26101	26102	43.0	38.0	52.0	41.0
ptg000028l	26201	26202	45.0	25.0	35.0	24.0
ptg000028l	26301	26302	22.0	21.0	21.0	23.0
ptg000028l	26401	26402	41.0	22.0	28.0	41.0
ptg000028l	26501	26502	43.0	27.0	31.0	55.0
ptg000028l	26601	26602	28.0	17.0	20.0	27.0
ptg000028l	26701	26702	15.0	5.0	9.0	12.0
ptg000028l	26801	26802	10.0	5.0	9.0	8.0
ptg000028l	26901	26902	7.0	5.0	11.0	3.0
ptg000028l	27001	27002	11.0	9.0	14.0	9.0
ptg000028l	27101	27102	9.0	6.0	13.0	7.0
ptg000028l	27201	27202	11.0	10.0	10.0	10.0
ptg000028l	27301	27302	13.0	3.0	13.0	10.0
ptg000028l	27401	27402	17.0	5.0	19.0	15.0
ptg000028l	27501	27502	8.0	7.0	18.0	9.0
ptg000028l	27601	27602	9.0	7.0	14.0	7.0
ptg000028l	27701	27702	4.0	2.0	10.0	6.0
ptg000028l	27801	27802	7.0	2.0	6.0	0.0
ptg000028l	27901	27902	3.0	4.0	3.0	0.0
ptg000028l	28001	28002	6.0	12.0	10.0	2.0
ptg000028l	28101	28102	25.0	20.0	23.0	10.0
ptg000028l	28201	28202	36.0	24.0	23.0	10.0
ptg000028l	28301	28302	23.0	17.0	27.0	23.0
ptg000028l	28401	28402	30.0	11.0	25.0	8.0
ptg000028l	28501	28502	10.0	4.0	11.0	6.0
ptg000028l	28601	28602	16.0	7.0	11.0	7.0
ptg000028l	28701	28702	8.0	3.0	14.0	1.0
ptg000028l	28801	28802	21.0	18.0	18.0	13.0
ptg000028l	28901	28902	24.0	18.0	22.0	13.0
ptg000028l	29001	29002	8.0	9.0	21.0	10.0
ptg000028l	29101	29102	21.0	21.0	37.0	14.0
ptg000028l	29201	29202	16.0	15.0	22.0	16.0
ptg000028l	29301	29302	23.0	19.0	29.0	24.0
ptg000028l	29401	29402	5.0	1.0	6.0	5.0
ptg000028l	29501	29502	19.0	16.0	24.0	9.0
ptg000028l	29601	29602	13.0	10.0	13.0	4.0
ptg000028l	29701	29702	19.0	15.0	15.0	8.0
ptg000028l	29801	29802	14.0	9.0	8.0	8.0
ptg000028l	29901	29902	11.0	10.0	7.0	5.0
ptg000028l	30001	30002	7.0	8.0	5.0	4.0
ptg000028l	30101	30102	1.0	0.0	0.0	0.0
ptg000028l	30201	30202	21.0	12.0	13.0	3.0
ptg000028l	30301	30302	35.0	25.0	24.0	17.0
ptg000028l	30401	30402	34.0	16.0	29.0	31.0
ptg000028l	30501	30502	41.0	45.0	33.0	29.0
ptg000028l	30601	30602	42.0	51.0	54.0	24.0
ptg000028l	30701	30702	36.0	40.0	49.0	28.0
ptg000028l	30801	30802	75.0	51.0	61.0	45.0
ptg000028l	30901	30902	61.0	44.0	53.0	37.0
ptg000028l	31001	31002	24.0	19.0	29.0	16.0
ptg000028l	31101	31102	15.0	7.0	10.0	12.0
ptg000028l	31201	31202	9.0	9.0	6.0	8.0
ptg000028l	31301	31302	4.0	4.0	2.0	9.0
ptg000028l	31401	31402	33.0	23.0	13.0	29.0
ptg000028l	31501	31502	32.0	29.0	15.0	24.0
ptg000028l	31601	31602	23.0	15.0	13.0	12.0
ptg000028l	31701	31702	4.0	1.0	6.0	1.0
ptg000028l	31801	31802	3.0	7.0	4.0	8.0
ptg000028l	31901	31902	3.0	5.0	3.0	6.0
ptg000028l	32001	32002	30.0	30.0	21.0	37.0
ptg000028l	32101	32102	33.0	41.0	31.0	25.0
ptg000028l	32201	32202	26.0	26.0	22.0	18.0
ptg000028l	32301	32302	29.0	37.0	28.0	16.0
ptg000028l	32401	32402	26.0	30.0	22.0	24.0
ptg000028l	32501	32502	19.0	20.0	20.0	34.0
ptg000028l	32601	32602	15.0	17.0	15.0	30.0
ptg000028l	32701	32702	18.0	30.0	31.0	24.0
ptg000028l	32801	32802	14.0	18.0	27.0	23.0
ptg000028l	32901	32902	26.0	19.0	11.0	15.0
ptg000028l	33001	33002	22.0	22.0	11.0	19.0
ptg000028l	33101	33102	4.0	5.0	2.0	4.0
ptg000028l	33201	33202	8.0	7.0	5.0	9.0
ptg000028l	33301	33302	5.0	6.0	2.0	7.0
ptg000028l	33401	33402	0.0	0.0	0.0	1.0
ptg000028l	33501	33502	5.0	1.0	0.0	0.0
ptg000028l	33601	33602	5.0	2.0	0.0	3.0
ptg000028l	33701	33702	3.0	2.0	0.0	2.0
ptg000028l	33801	33802	2.0	0.0	0.0	2.0
ptg000028l	33901	33902	1.0	1.0	5.0	5.0
ptg000028l	34001	34002	0.0	2.0	1.0	8.0
ptg000028l	34101	34102	8.0	7.0	12.0	12.0
ptg000028l	34201	34202	11.0	14.0	18.0	10.0
ptg000028l	34301	34302	7.0	11.0	4.0	4.0
ptg000028l	34401	34402	12.0	15.0	11.0	18.0
ptg000028l	34501	34502	14.0	10.0	8.0	15.0
ptg000028l	34601	34602	5.0	8.0	4.0	8.0
ptg000028l	34701	34702	7.0	11.0	7.0	10.0
ptg000028l	34801	34802	4.0	3.0	2.0	11.0
ptg000028l	34901	34902	4.0	8.0	3.0	4.0
ptg000028l	35001	35002	5.0	8.0	0.0	6.0
ptg000028l	35101	35102	0.0	1.0	0.0	3.0
ptg000028l	35201	35202	1.0	3.0	2.0	6.0
ptg000028l	35301	35302	2.0	4.0	4.0	6.0
ptg000028l	35401	35402	8.0	10.0	13.0	5.0
ptg000028l	35501	35502	20.0	15.0	30.0	14.0
ptg000028l	35601	35602	26.0	18.0	25.0	26.0
ptg000028l	35701	35702	31.0	34.0	34.0	43.0
ptg000028l	35801	35802	43.0	43.0	58.0	50.0
ptg000028l	35901	35902	39.0	42.0	48.0	36.0
ptg000028l	36001	36002	23.0	31.0	28.0	21.0
ptg000028l	36101	36102	19.0	26.0	19.0	28.0
ptg000028l	36201	36202	25.0	30.0	32.0	36.0
ptg000028l	36301	36302	12.0	13.0	14.0	30.0
ptg000028l	36401	36402	11.0	13.0	11.0	15.0
ptg000028l	36501	36502	25.0	25.0	19.0	20.0
ptg000028l	36601	36602	14.0	18.0	8.0	11.0
ptg000028l	36701	36702	3.0	9.0	3.0	10.0
ptg000028l	36801	36802	23.0	17.0	17.0	20.0
ptg000028l	36901	36902	23.0	28.0	19.0	20.0
ptg000028l	37001	37002	22.0	20.0	16.0	31.0
ptg000028l	37101	37102	22.0	23.0	17.0	23.0
ptg000028l	37201	37202	7.0	7.0	10.0	8.0
ptg000028l	37301	37302	5.0	7.0	5.0	6.0
ptg000028l	37401	37402	20.0	18.0	31.0	20.0
ptg000028l	37501	37502	24.0	21.0	26.0	21.0
ptg000028l	37601	37602	17.0	16.0	16.0	13.0
ptg000028l	37701	37702	15.0	15.0	21.0	18.0
ptg000028l	37801	37802	28.0	26.0	22.0	25.0
ptg000028l	37901	37902	24.0	12.0	20.0	14.0
ptg000028l	38001	38002	10.0	9.0	19.0	7.0
ptg000028l	38101	38102	1.0	9.0	11.0	10.0
ptg000028l	38201	38202	5.0	8.0	5.0	6.0
ptg000028l	38301	38302	2.0	6.0	5.0	3.0
ptg000028l	38401	38402	7.0	6.0	2.0	6.0
ptg000028l	38501	38502	11.0	5.0	3.0	4.0
ptg000028l	38601	38602	11.0	8.0	2.0	6.0
ptg000028l	38701	38702	14.0	14.0	11.0	11.0
ptg000028l	38801	38802	17.0	21.0	17.0	20.0
ptg000028l	38901	38902	13.0	9.0	11.0	16.0
ptg000028l	39001	39002	0.0	1.0	1.0	2.0
ptg000028l	39101	39102	6.0	5.0	10.0	8.0
ptg000028l	39201	39202	18.0	13.0	35.0	19.0
ptg000028l	39301	39302	26.0	28.0	36.0	29.0
ptg000028l	39401	39402	38.0	16.0	33.0	37.0
ptg000028l	39501	39502	25.0	20.0	20.0	30.0
ptg000028l	39601	39602	11.0	10.0	9.0	14.0
ptg000028l	39701	39702	13.0	9.0	11.0	11.0
ptg000028l	39801	39802	64.0	41.0	37.0	37.0
ptg000028l	39901	39902	70.0	56.0	47.0	63.0
ptg000028l	40001	40002	60.0	46.0	55.0	61.0
ptg000028l	40101	40102	55.0	41.0	56.0	38.0
ptg000028l	40201	40202	80.0	73.0	62.0	54.0
ptg000028l	40301	40302	106.0	107.0	101.0	84.0
ptg000028l	40401	40402	81.0	72.0	75.0	61.0
ptg000028l	40501	40502	104.0	86.0	94.0	68.0
ptg000028l	40601	40602	80.0	90.0	72.0	49.0
ptg000028l	40701	40702	88.0	89.0	79.0	87.0
ptg000028l	40801	40802	110.0	95.0	88.0	108.0
ptg000028l	40901	40902	125.0	108.0	101.0	92.0
ptg000028l	41001	41002	122.0	113.0	102.0	81.0
ptg000028l	41101	41102	119.0	127.0	88.0	79.0
ptg000028l	41201	41202	124.0	116.0	114.0	81.0
ptg000028l	41301	41302	128.0	124.0	124.0	86.0
ptg000028l	41401	41402	129.0	142.0	119.0	98.0
ptg000028l	41501	41502	119.0	126.0	129.0	105.0
ptg000028l	41601	41602	74.0	69.0	68.0	58.0
ptg000028l	41701	41702	74.0	66.0	73.0	61.0
ptg000028l	41801	41802	80.0	63.0	67.0	44.0
ptg000028l	41901	41902	68.0	59.0	74.0	58.0
ptg000028l	42001	42002	55.0	40.0	41.0	61.0
ptg000028l	42101	42102	31.0	23.0	24.0	33.0
ptg000028l	42201	42202	28.0	38.0	20.0	31.0
ptg000028l	42301	42302	33.0	37.0	30.0	27.0
ptg000028l	42401	42402	21.0	25.0	16.0	16.0
ptg000028l	42501	42502	16.0	24.0	10.0	20.0
ptg000028l	42601	42602	19.0	33.0	30.0	26.0
ptg000028l	42701	42702	28.0	48.0	28.0	20.0
ptg000028l	42801	42802	17.0	31.0	18.0	14.0
ptg000028l	42901	42902	13.0	20.0	21.0	19.0
ptg000028l	43001	43002	25.0	28.0	28.0	28.0
ptg000028l	43101	43102	22.0	25.0	17.0	29.0
ptg000028l	43201	43202	22.0	21.0	28.0	26.0
ptg000028l	43301	43302	30.0	22.0	29.0	31.0
ptg000028l	43401	43402	42.0	30.0	43.0	33.0
ptg000028l	43501	43502	40.0	31.0	35.0	28.0
ptg000028l	43601	43602	44.0	32.0	32.0	26.0
ptg000028l	43701	43702	33.0	22.0	25.0	22.0
ptg000028l	43801	43802	24.0	28.0	21.0	22.0
ptg000028l	43901	43902	31.0	37.0	23.0	18.0
ptg000028l	44001	44002	18.0	25.0	19.0	12.0
ptg000028l	44101	44102	20.0	23.0	25.0	21.0
ptg000028l	44201	44202	19.0	18.0	26.0	27.0
ptg000028l	44301	44302	17.0	16.0	16.0	22.0
ptg000028l	44401	44402	9.0	8.0	10.0	17.0
ptg000028l	44501	44502	11.0	13.0	12.0	9.0
ptg000028l	44601	44602	24.0	16.0	10.0	16.0
ptg000028l	44701	44702	23.0	15.0	11.0	16.0
ptg000028l	44801	44802	59.0	60.0	57.0	33.0
ptg000028l	44901	44902	62.0	64.0	59.0	37.0
ptg000028l	45001	45002	70.0	77.0	90.0	41.0
ptg000028l	45101	45102	112.0	112.0	118.0	95.0
ptg000028l	45201	45202	76.0	93.0	91.0	64.0
ptg000028l	45301	45302	54.0	57.0	62.0	52.0
ptg000028l	45401	45402	63.0	37.0	66.0	53.0
ptg000028l	45501	45502	56.0	47.0	63.0	55.0
ptg000028l	45601	45602	52.0	50.0	69.0	75.0
ptg000028l	45701	45702	39.0	27.0	51.0	42.0
ptg000028l	45801	45802	19.0	23.0	25.0	22.0
ptg000028l	45901	45902	13.0	16.0	10.0	16.0
ptg000028l	46001	46002	11.0	5.0	5.0	9.0
ptg000028l	46101	46102	2.0	1.0	2.0	1.0
ptg000028l	46201	46202	5.0	1.0	6.0	4.0
ptg000028l	46301	46302	4.0	0.0	14.0	5.0
ptg000028l	46401	46402	2.0	1.0	7.0	4.0
ptg000028l	46501	46502	4.0	1.0	3.0	6.0
ptg000028l	46601	46602	11.0	14.0	17.0	8.0
ptg000028l	46701	46702	13.0	13.0	20.0	8.0
ptg000028l	46801	46802	10.0	10.0	10.0	10.0
ptg000028l	46901	46902	19.0	14.0	24.0	12.0
ptg000028l	47001	47002	6.0	2.0	12.0	4.0
ptg000028l	47101	47102	8.0	7.0	5.0	3.0
ptg000028l	47201	47202	22.0	13.0	21.0	14.0
ptg000028l	47301	47302	27.0	14.0	21.0	16.0
ptg000028l	47401	47402	28.0	17.0	21.0	10.0
ptg000028l	47501	47502	8.0	18.0	8.0	8.0
ptg000028l	47601	47602	2.0	2.0	3.0	3.0
ptg000028l	47701	47702	7.0	3.0	6.0	2.0
ptg000028l	47801	47802	11.0	6.0	15.0	9.0
ptg000028l	47901	47902	13.0	16.0	21.0	13.0
ptg000028l	48001	48002	16.0	20.0	15.0	16.0
ptg000028l	48101	48102	21.0	19.0	18.0	11.0
ptg000028l	48201	48202	14.0	10.0	15.0	11.0
ptg000028l	48301	48302	3.0	10.0	10.0	10.0
ptg000028l	48401	48402	1.0	1.0	6.0	3.0
ptg000028l	48501	48502	12.0	12.0	7.0	10.0
ptg000028l	48601	48602	31.0	23.0	17.0	34.0
ptg000028l	48701	48702	23.0	28.0	17.0	24.0
ptg000028l	48801	48802	29.0	31.0	27.0	21.0
ptg000028l	48901	48902	35.0	30.0	33.0	31.0
ptg000028l	49001	49002	7.0	13.0	13.0	15.0
ptg000028l	49101	49102	12.0	14.0	17.0	13.0
ptg000028l	49201	49202	0.0	1.0	0.0	3.0
ptg000028l	49301	49302	18.0	15.0	16.0	16.0
ptg000028l	49401	49402	17.0	14.0	19.0	17.0
ptg000028l	49501	49502	14.0	6.0	13.0	9.0
ptg000028l	49601	49602	19.0	11.0	12.0	8.0
ptg000028l	49701	49702	10.0	13.0	8.0	13.0
ptg000028l	49801	49802	5.0	13.0	3.0	10.0
ptg000028l	49901	49902	9.0	14.0	3.0	9.0
ptg000028l	50001	50002	5.0	13.0	3.0	8.0
ptg000028l	50101	50102	0.0	0.0	0.0	1.0
ptg000028l	50201	50202	18.0	22.0	15.0	26.0
ptg000028l	50301	50302	16.0	26.0	17.0	39.0
ptg000028l	50401	50402	12.0	21.0	13.0	31.0
ptg000028l	50501	50502	24.0	26.0	12.0	34.0
ptg000028l	50601	50602	31.0	25.0	19.0	26.0
ptg000028l	50701	50702	26.0	24.0	12.0	38.0
ptg000028l	50801	50802	8.0	10.0	5.0	13.0
ptg000028l	50901	50902	3.0	3.0	6.0	3.0
ptg000028l	51001	51002	7.0	24.0	13.0	23.0
ptg000028l	51101	51102	17.0	21.0	13.0	28.0
ptg000028l	51201	51202	17.0	13.0	12.0	29.0
ptg000028l	51301	51302	16.0	17.0	12.0	24.0
ptg000028l	51401	51402	12.0	19.0	13.0	21.0
ptg000028l	51501	51502	24.0	17.0	23.0	13.0
ptg000028l	51601	51602	29.0	24.0	35.0	18.0
ptg000028l	51701	51702	42.0	32.0	31.0	32.0
ptg000028l	51801	51802	47.0	35.0	33.0	43.0
ptg000028l	51901	51902	32.0	19.0	36.0	28.0
ptg000028l	52001	52002	4.0	1.0	9.0	3.0
ptg000028l	52101	52102	26.0	21.0	25.0	20.0
ptg000028l	52201	52202	30.0	24.0	27.0	26.0
ptg000028l	52301	52302	22.0	18.0	13.0	15.0
ptg000028l	52401	52402	24.0	23.0	21.0	15.0
ptg000028l	52501	52502	34.0	31.0	27.0	20.0
ptg000028l	52601	52602	45.0	30.0	31.0	22.0
ptg000028l	52701	52702	29.0	23.0	25.0	24.0
ptg000028l	52801	52802	8.0	8.0	8.0	10.0
ptg000028l	52901	52902	15.0	7.0	4.0	13.0
ptg000028l	53001	53002	26.0	25.0	10.0	34.0
ptg000028l	53101	53102	23.0	20.0	15.0	27.0
ptg000028l	53201	53202	29.0	23.0	31.0	22.0
ptg000028l	53301	53302	26.0	22.0	17.0	17.0
ptg000028l	53401	53402	19.0	29.0	17.0	46.0
ptg000028l	53501	53502	14.0	24.0	21.0	35.0
ptg000028l	53601	53602	12.0	20.0	17.0	32.0
ptg000028l	53701	53702	9.0	22.0	11.0	35.0
ptg000028l	53801	53802	10.0	22.0	7.0	25.0
ptg000028l	53901	53902	10.0	13.0	13.0	19.0
ptg000028l	54001	54002	10.0	24.0	18.0	20.0
ptg000028l	54101	54102	3.0	18.0	11.0	22.0
ptg000028l	54201	54202	9.0	20.0	10.0	17.0
ptg000028l	54301	54302	17.0	22.0	9.0	9.0
ptg000028l	54401	54402	16.0	25.0	11.0	9.0
ptg000028l	54501	54502	9.0	17.0	11.0	10.0
ptg000028l	54601	54602	7.0	17.0	8.0	13.0
ptg000028l	54701	54702	13.0	21.0	15.0	26.0
ptg000028l	54801	54802	19.0	23.0	25.0	19.0
ptg000028l	54901	54902	9.0	11.0	5.0	13.0
ptg000028l	55001	55002	6.0	8.0	9.0	13.0
ptg000028l	55101	55102	1.0	4.0	5.0	17.0
ptg000028l	55201	55202	4.0	3.0	6.0	16.0
ptg000028l	55301	55302	14.0	14.0	20.0	19.0
ptg000028l	55401	55402	37.0	36.0	26.0	25.0
ptg000028l	55501	55502	30.0	33.0	26.0	32.0
ptg000028l	55601	55602	38.0	26.0	21.0	21.0
ptg000028l	55701	55702	19.0	19.0	11.0	16.0
ptg000028l	55801	55802	10.0	25.0	15.0	33.0
ptg000028l	55901	55902	22.0	29.0	25.0	25.0
ptg000028l	56001	56002	29.0	30.0	27.0	32.0
ptg000028l	56101	56102	9.0	21.0	8.0	19.0
ptg000028l	56201	56202	0.0	13.0	3.0	4.0
ptg000028l	56301	56302	6.0	17.0	10.0	12.0
ptg000028l	56401	56402	23.0	30.0	27.0	29.0
ptg000028l	56501	56502	29.0	39.0	35.0	31.0
ptg000028l	56601	56602	29.0	31.0	28.0	33.0
ptg000028l	56701	56702	27.0	30.0	28.0	36.0
ptg000028l	56801	56802	11.0	8.0	8.0	11.0
ptg000028l	56901	56902	4.0	10.0	2.0	4.0
ptg000028l	57001	57002	17.0	17.0	10.0	10.0
ptg000028l	57101	57102	28.0	19.0	23.0	15.0
ptg000028l	57201	57202	16.0	16.0	12.0	15.0
ptg000028l	57301	57302	8.0	17.0	7.0	14.0
ptg000028l	57401	57402	12.0	11.0	8.0	18.0
ptg000028l	57501	57502	16.0	11.0	24.0	23.0
ptg000028l	57601	57602	30.0	21.0	31.0	22.0
ptg000028l	57701	57702	26.0	23.0	31.0	20.0
ptg000028l	57801	57802	9.0	7.0	18.0	17.0
ptg000028l	57901	57902	40.0	20.0	32.0	16.0
ptg000028l	58001	58002	32.0	19.0	19.0	11.0
ptg000028l	58101	58102	3.0	5.0	6.0	3.0
ptg000028l	58201	58202	11.0	19.0	13.0	11.0
ptg000028l	58301	58302	3.0	13.0	10.0	6.0
ptg000028l	58401	58402	4.0	12.0	5.0	6.0
ptg000028l	58501	58502	5.0	11.0	6.0	12.0
ptg000028l	58601	58602	10.0	6.0	7.0	16.0
ptg000028l	58701	58702	19.0	39.0	29.0	19.0
ptg000028l	58801	58802	17.0	31.0	19.0	13.0
ptg000028l	58901	58902	21.0	25.0	36.0	9.0
ptg000028l	59001	59002	51.0	58.0	54.0	30.0
ptg000028l	59101	59102	31.0	28.0	32.0	21.0
ptg000028l	59201	59202	35.0	31.0	23.0	16.0
ptg000028l	59301	59302	21.0	22.0	23.0	20.0
ptg000028l	59401	59402	42.0	25.0	42.0	24.0
ptg000028l	59501	59502	56.0	42.0	42.0	37.0
ptg000028l	59601	59602	54.0	59.0	43.0	47.0
ptg000028l	59701	59702	49.0	53.0	40.0	57.0
ptg000028l	59801	59802	57.0	53.0	61.0	59.0
ptg000028l	59901	59902	73.0	53.0	68.0	56.0
ptg000028l	60001	60002	74.0	67.0	67.0	50.0
ptg000028l	60101	60102	69.0	49.0	65.0	47.0
ptg000028l	60201	60202	31.0	24.0	27.0	19.0
ptg000028l	60301	60302	25.0	20.0	24.0	18.0
ptg000028l	60401	60402	50.0	44.0	54.0	28.0
ptg000028l	60501	60502	65.0	62.0	67.0	37.0
ptg000028l	60601	60602	49.0	42.0	44.0	47.0
ptg000028l	60701	60702	27.0	21.0	21.0	23.0
ptg000028l	60801	60802	65.0	46.0	37.0	32.0
ptg000028l	60901	60902	72.0	58.0	46.0	36.0
ptg000028l	61001	61002	67.0	60.0	57.0	34.0
ptg000028l	61101	61102	87.0	61.0	63.0	53.0
ptg000028l	61201	61202	86.0	81.0	73.0	57.0
ptg000028l	61301	61302	72.0	76.0	66.0	47.0
ptg000028l	61401	61402	74.0	56.0	67.0	64.0
ptg000028l	61501	61502	58.0	67.0	61.0	68.0
ptg000028l	61601	61602	67.0	74.0	63.0	64.0
ptg000028l	61701	61702	58.0	89.0	50.0	61.0
ptg000028l	61801	61802	41.0	74.0	41.0	40.0
ptg000028l	61901	61902	29.0	40.0	33.0	28.0
ptg000028l	62001	62002	19.0	33.0	29.0	21.0
ptg000028l	62101	62102	11.0	17.0	20.0	18.0
ptg000028l	62201	62202	14.0	11.0	13.0	7.0
ptg000028l	62301	62302	21.0	17.0	14.0	17.0
ptg000028l	62401	62402	10.0	9.0	5.0	4.0
ptg000028l	62501	62502	17.0	10.0	7.0	6.0
ptg000028l	62601	62602	13.0	4.0	4.0	6.0
ptg000028l	62701	62702	9.0	7.0	10.0	12.0
ptg000028l	62801	62802	18.0	18.0	14.0	10.0
ptg000028l	62901	62902	13.0	17.0	19.0	12.0
ptg000028l	63001	63002	14.0	9.0	11.0	9.0
ptg000028l	63101	63102	13.0	17.0	17.0	9.0
ptg000028l	63201	63202	14.0	6.0	7.0	5.0
ptg000028l	63301	63302	7.0	6.0	8.0	10.0
ptg000028l	63401	63402	1.0	6.0	2.0	2.0
ptg000028l	63501	63502	4.0	2.0	3.0	3.0
ptg000028l	63601	63602	11.0	18.0	16.0	14.0
ptg000028l	63701	63702	17.0	16.0	18.0	15.0
ptg000028l	63801	63802	23.0	22.0	19.0	17.0
ptg000028l	63901	63902	47.0	35.0	39.0	43.0
ptg000028l	64001	64002	56.0	38.0	47.0	42.0
ptg000028l	64101	64102	19.0	12.0	16.0	11.0
ptg000028l	64201	64202	20.0	13.0	14.0	10.0
ptg000028l	64301	64302	33.0	25.0	27.0	23.0
ptg000028l	64401	64402	19.0	21.0	32.0	15.0
ptg000028l	64501	64502	14.0	11.0	18.0	4.0
ptg000028l	64601	64602	15.0	10.0	12.0	16.0
ptg000028l	64701	64702	16.0	14.0	24.0	14.0
ptg000028l	64801	64802	5.0	3.0	9.0	4.0
ptg000028l	64901	64902	43.0	38.0	50.0	44.0
ptg000028l	65001	65002	15.0	10.0	9.0	10.0
ptg000028l	65101	65102	16.0	18.0	13.0	18.0
ptg000028l	65201	65202	25.0	24.0	18.0	30.0
ptg000028l	65301	65302	30.0	41.0	26.0	22.0
ptg000028l	65401	65402	27.0	34.0	18.0	21.0
ptg000028l	65501	65502	25.0	35.0	21.0	27.0
ptg000028l	65601	65602	23.0	41.0	26.0	25.0
ptg000028l	65701	65702	20.0	14.0	12.0	15.0
ptg000028l	65801	65802	11.0	22.0	8.0	18.0
ptg000028l	65901	65902	18.0	25.0	15.0	18.0
ptg000028l	66001	66002	13.0	17.0	18.0	13.0
ptg000028l	66101	66102	22.0	22.0	21.0	24.0
ptg000028l	66201	66202	27.0	23.0	35.0	27.0
ptg000028l	66301	66302	24.0	9.0	33.0	15.0
ptg000028l	66401	66402	9.0	5.0	11.0	7.0
ptg000028l	66501	66502	5.0	12.0	13.0	7.0
ptg000028l	66601	66602	22.0	11.0	19.0	7.0
ptg000028l	66701	66702	18.0	14.0	21.0	4.0
ptg000028l	66801	66802	19.0	32.0	20.0	21.0
ptg000028l	66901	66902	21.0	28.0	21.0	21.0
ptg000028l	67001	67002	16.0	17.0	10.0	12.0
ptg000028l	67101	67102	12.0	7.0	10.0	12.0
ptg000028l	67201	67202	22.0	21.0	18.0	32.0
ptg000028l	67301	67302	30.0	29.0	27.0	34.0
ptg000028l	67401	67402	21.0	30.0	18.0	32.0
ptg000028l	67501	67502	10.0	10.0	7.0	13.0
ptg000028l	67601	67602	24.0	28.0	16.0	24.0
ptg000028l	67701	67702	13.0	23.0	10.0	17.0
ptg000028l	67801	67802	6.0	16.0	7.0	8.0
ptg000028l	67901	67902	3.0	19.0	6.0	11.0
ptg000028l	68001	68002	11.0	21.0	13.0	19.0
ptg000028l	68101	68102	5.0	12.0	4.0	9.0
ptg000028l	68201	68202	8.0	13.0	10.0	14.0
ptg000028l	68301	68302	13.0	15.0	15.0	18.0
ptg000028l	68401	68402	10.0	13.0	10.0	18.0
ptg000028l	68501	68502	9.0	11.0	5.0	16.0
ptg000028l	68601	68602	10.0	13.0	9.0	10.0
ptg000028l	68701	68702	14.0	17.0	11.0	13.0
ptg000028l	68801	68802	18.0	19.0	18.0	10.0
ptg000028l	68901	68902	21.0	22.0	15.0	18.0
ptg000028l	69001	69002	18.0	33.0	11.0	26.0
ptg000028l	69101	69102	31.0	40.0	19.0	27.0
ptg000028l	69201	69202	24.0	29.0	32.0	28.0
ptg000028l	69301	69302	18.0	24.0	14.0	24.0
ptg000028l	69401	69402	16.0	21.0	8.0	23.0
ptg000028l	69501	69502	16.0	19.0	11.0	20.0
ptg000028l	69601	69602	13.0	27.0	21.0	24.0
ptg000028l	69701	69702	14.0	25.0	13.0	13.0
ptg000028l	69801	69802	11.0	19.0	8.0	18.0
ptg000028l	69901	69902	13.0	9.0	6.0	11.0
ptg000028l	70001	70002	6.0	7.0	5.0	8.0
ptg000028l	70101	70102	8.0	10.0	7.0	18.0
ptg000028l	70201	70202	7.0	3.0	7.0	12.0
ptg000028l	70301	70302	7.0	10.0	7.0	19.0
ptg000028l	70401	70402	17.0	15.0	12.0	16.0
ptg000028l	70501	70502	12.0	9.0	12.0	10.0
ptg000028l	70601	70602	2.0	3.0	5.0	1.0
ptg000028l	70701	70702	0.0	0.0	1.0	0.0
ptg000028l	70801	70802	2.0	0.0	1.0	0.0
ptg000028l	70901	70902	11.0	7.0	14.0	8.0
ptg000028l	71001	71002	13.0	8.0	14.0	7.0
ptg000028l	71101	71102	0.0	0.0	0.0	0.0
ptg000028l	71201	71202	14.0	21.0	9.0	7.0
ptg000028l	71301	71302	5.0	12.0	7.0	7.0
ptg000028l	71401	71402	10.0	11.0	7.0	15.0
ptg000028l	71501	71502	13.0	15.0	6.0	10.0
ptg000028l	71601	71602	6.0	4.0	0.0	5.0
ptg000028l	71701	71702	37.0	22.0	21.0	24.0
ptg000028l	71801	71802	50.0	43.0	39.0	39.0
ptg000028l	71901	71902	46.0	45.0	45.0	42.0
ptg000028l	72001	72002	53.0	51.0	63.0	63.0
ptg000028l	72101	72102	59.0	56.0	47.0	57.0
ptg000028l	72201	72202	74.0	61.0	49.0	64.0
ptg000028l	72301	72302	83.0	75.0	55.0	72.0
ptg000028l	72401	72402	64.0	60.0	68.0	62.0
ptg000028l	72501	72502	39.0	61.0	48.0	53.0
ptg000028l	72601	72602	37.0	53.0	32.0	45.0
ptg000028l	72701	72702	4.0	4.0	8.0	5.0
ptg000028l	72801	72802	9.0	3.0	4.0	5.0
ptg000028l	72901	72902	13.0	8.0	8.0	12.0
ptg000028l	73001	73002	20.0	15.0	17.0	15.0
ptg000028l	73101	73102	3.0	4.0	3.0	12.0
ptg000028l	73201	73202	18.0	20.0	30.0	23.0
ptg000028l	73301	73302	20.0	27.0	24.0	21.0
ptg000028l	73401	73402	13.0	17.0	13.0	14.0
ptg000028l	73501	73502	11.0	13.0	9.0	8.0
ptg000028l	73601	73602	7.0	12.0	7.0	11.0
ptg000028l	73701	73702	23.0	22.0	22.0	37.0
ptg000028l	73801	73802	64.0	63.0	52.0	53.0
ptg000028l	73901	73902	59.0	67.0	51.0	61.0
ptg000028l	74001	74002	46.0	42.0	42.0	36.0
ptg000028l	74101	74102	24.0	30.0	24.0	40.0
ptg000028l	74201	74202	42.0	54.0	39.0	52.0
ptg000028l	74301	74302	37.0	46.0	27.0	46.0
ptg000028l	74401	74402	17.0	19.0	9.0	16.0
ptg000028l	74501	74502	8.0	10.0	6.0	4.0
ptg000028l	74601	74602	11.0	16.0	9.0	14.0
ptg000028l	74701	74702	16.0	20.0	13.0	18.0
ptg000028l	74801	74802	12.0	12.0	9.0	26.0
ptg000028l	74901	74902	15.0	24.0	14.0	21.0
ptg000028l	75001	75002	13.0	5.0	14.0	14.0
ptg000028l	75101	75102	1.0	1.0	0.0	2.0
ptg000028l	75201	75202	15.0	16.0	10.0	11.0
ptg000028l	75301	75302	26.0	16.0	19.0	23.0
ptg000028l	75401	75402	27.0	18.0	16.0	20.0
ptg000028l	75501	75502	20.0	16.0	13.0	18.0
ptg000028l	75601	75602	17.0	11.0	7.0	7.0
ptg000028l	75701	75702	6.0	5.0	7.0	8.0
ptg000028l	75801	75802	8.0	4.0	6.0	10.0
ptg000028l	75901	75902	12.0	4.0	3.0	5.0
ptg000028l	76001	76002	2.0	4.0	2.0	5.0
ptg000028l	76101	76102	5.0	7.0	3.0	6.0
ptg000028l	76201	76202	0.0	1.0	0.0	0.0
ptg000028l	76301	76302	0.0	0.0	0.0	0.0
ptg000028l	76401	76402	3.0	2.0	2.0	1.0
ptg000028l	76501	76502	3.0	2.0	4.0	3.0
ptg000028l	76601	76602	3.0	0.0	4.0	2.0
ptg000028l	76701	76702	4.0	4.0	2.0	5.0
ptg000028l	76801	76802	2.0	4.0	6.0	2.0
ptg000028l	76901	76902	0.0	0.0	1.0	1.0
ptg000028l	77001	77002	3.0	7.0	2.0	3.0
ptg000028l	77101	77102	22.0	15.0	21.0	13.0
ptg000028l	77201	77202	27.0	20.0	27.0	18.0
ptg000028l	77301	77302	21.0	18.0	15.0	16.0
ptg000028l	77401	77402	29.0	21.0	13.0	11.0
ptg000028l	77501	77502	22.0	26.0	14.0	5.0
ptg000028l	77601	77602	14.0	12.0	14.0	8.0
ptg000028l	77701	77702	17.0	24.0	15.0	13.0
ptg000028l	77801	77802	13.0	9.0	12.0	11.0
ptg000028l	77901	77902	9.0	1.0	5.0	1.0
ptg000028l	78001	78002	7.0	8.0	7.0	5.0
ptg000028l	78101	78102	8.0	6.0	10.0	6.0
ptg000028l	78201	78202	3.0	3.0	4.0	5.0
ptg000028l	78301	78302	5.0	2.0	0.0	1.0
ptg000028l	78401	78402	11.0	4.0	8.0	4.0
ptg000028l	78501	78502	14.0	4.0	5.0	9.0
ptg000028l	78601	78602	4.0	0.0	0.0	2.0
ptg000028l	78701	78702	0.0	0.0	0.0	0.0
ptg000028l	78801	78802	21.0	8.0	11.0	11.0
ptg000028l	78901	78902	16.0	8.0	10.0	9.0
ptg000028l	79001	79002	2.0	4.0	1.0	2.0
ptg000028l	79101	79102	4.0	7.0	2.0	7.0
ptg000028l	79201	79202	2.0	5.0	2.0	4.0
ptg000028l	79301	79302	2.0	4.0	1.0	4.0
ptg000028l	79401	79402	11.0	10.0	8.0	16.0
ptg000028l	79501	79502	11.0	14.0	8.0	14.0
ptg000028l	79601	79602	11.0	28.0	8.0	21.0
ptg000028l	79701	79702	6.0	20.0	6.0	22.0
ptg000028l	79801	79802	13.0	14.0	7.0	19.0
ptg000028l	79901	79902	9.0	12.0	5.0	17.0
ptg000028l	80001	80002	12.0	19.0	13.0	18.0
ptg000028l	80101	80102	24.0	25.0	18.0	25.0
ptg000028l	80201	80202	25.0	29.0	23.0	31.0
ptg000028l	80301	80302	42.0	31.0	23.0	34.0
ptg000028l	80401	80402	27.0	21.0	21.0	34.0
ptg000028l	80501	80502	21.0	29.0	16.0	37.0
ptg000028l	80601	80602	29.0	35.0	20.0	41.0
ptg000028l	80701	80702	33.0	41.0	24.0	24.0
ptg000028l	80801	80802	32.0	46.0	33.0	32.0
ptg000028l	80901	80902	26.0	43.0	28.0	30.0
ptg000028l	81001	81002	18.0	40.0	33.0	30.0
ptg000028l	81101	81102	17.0	37.0	31.0	34.0
ptg000028l	81201	81202	36.0	65.0	56.0	58.0
ptg000028l	81301	81302	41.0	69.0	38.0	60.0
ptg000028l	81401	81402	24.0	49.0	31.0	45.0
ptg000028l	81501	81502	34.0	52.0	26.0	51.0
ptg000028l	81601	81602	35.0	41.0	28.0	57.0
ptg000028l	81701	81702	19.0	35.0	25.0	42.0
ptg000028l	81801	81802	18.0	20.0	27.0	36.0
ptg000028l	81901	81902	22.0	34.0	31.0	38.0
ptg000028l	82001	82002	20.0	27.0	22.0	18.0
ptg000028l	82101	82102	18.0	26.0	22.0	12.0
ptg000028l	82201	82202	24.0	17.0	19.0	10.0
ptg000028l	82301	82302	18.0	15.0	13.0	9.0
ptg000028l	82401	82402	12.0	4.0	9.0	8.0
ptg000028l	82501	82502	17.0	9.0	9.0	5.0
ptg000028l	82601	82602	34.0	15.0	16.0	10.0
ptg000028l	82701	82702	43.0	12.0	35.0	23.0
ptg000028l	82801	82802	72.0	27.0	57.0	33.0
ptg000028l	82901	82902	43.0	13.0	36.0	10.0
ptg000028l	83001	83002	28.0	12.0	33.0	10.0
ptg000028l	83101	83102	18.0	6.0	28.0	6.0
ptg000028l	83201	83202	8.0	10.0	13.0	3.0
ptg000028l	83301	83302	22.0	12.0	19.0	14.0
ptg000028l	83401	83402	19.0	20.0	18.0	12.0
ptg000028l	83501	83502	6.0	6.0	7.0	3.0
ptg000028l	83601	83602	3.0	8.0	4.0	3.0
ptg000028l	83701	83702	13.0	13.0	4.0	8.0
ptg000028l	83801	83802	5.0	7.0	3.0	4.0
ptg000028l	83901	83902	6.0	5.0	7.0	3.0
ptg000028l	84001	84002	4.0	0.0	7.0	5.0
ptg000028l	84101	84102	10.0	4.0	2.0	2.0
ptg000028l	84201	84202	6.0	3.0	2.0	2.0
ptg000028l	84301	84302	3.0	7.0	2.0	4.0
ptg000028l	84401	84402	3.0	0.0	1.0	2.0
ptg000028l	84501	84502	9.0	7.0	8.0	5.0
ptg000028l	84601	84602	11.0	9.0	10.0	10.0
ptg000028l	84701	84702	7.0	9.0	12.0	9.0
ptg000028l	84801	84802	5.0	9.0	7.0	9.0
ptg000028l	84901	84902	18.0	16.0	14.0	17.0
ptg000028l	85001	85002	28.0	30.0	29.0	23.0
ptg000028l	85101	85102	17.0	21.0	28.0	19.0
ptg000028l	85201	85202	8.0	11.0	7.0	10.0
ptg000028l	85301	85302	3.0	1.0	2.0	1.0
ptg000028l	85401	85402	10.0	9.0	11.0	9.0
ptg000028l	85501	85502	15.0	11.0	16.0	8.0
ptg000028l	85601	85602	24.0	15.0	15.0	11.0
ptg000028l	85701	85702	21.0	21.0	13.0	21.0
ptg000028l	85801	85802	37.0	30.0	17.0	27.0
ptg000028l	85901	85902	18.0	9.0	7.0	10.0
ptg000028l	86001	86002	0.0	1.0	1.0	3.0
ptg000028l	86101	86102	7.0	6.0	10.0	4.0
ptg000028l	86201	86202	12.0	7.0	14.0	12.0
ptg000028l	86301	86302	19.0	17.0	10.0	29.0
ptg000028l	86401	86402	28.0	20.0	27.0	29.0
ptg000028l	86501	86502	44.0	17.0	25.0	19.0
ptg000028l	86601	86602	21.0	13.0	13.0	15.0
ptg000028l	86701	86702	10.0	14.0	16.0	17.0
ptg000028l	86801	86802	13.0	9.0	14.0	13.0
ptg000028l	86901	86902	14.0	11.0	15.0	10.0
ptg000028l	87001	87002	6.0	3.0	11.0	4.0
ptg000028l	87101	87102	10.0	10.0	8.0	11.0
ptg000028l	87201	87202	14.0	9.0	20.0	12.0
ptg000028l	87301	87302	14.0	1.0	24.0	8.0
ptg000028l	87401	87402	6.0	5.0	10.0	1.0
ptg000028l	87501	87502	9.0	12.0	13.0	10.0
ptg000028l	87601	87602	6.0	11.0	12.0	6.0
ptg000028l	87701	87702	5.0	2.0	1.0	2.0
ptg000028l	87801	87802	10.0	5.0	3.0	13.0
ptg000028l	87901	87902	11.0	10.0	9.0	19.0
ptg000028l	88001	88002	2.0	10.0	10.0	13.0
ptg000028l	88101	88102	2.0	3.0	0.0	3.0
ptg000028l	88201	88202	3.0	1.0	1.0	1.0
ptg000028l	88301	88302	20.0	16.0	21.0	18.0
ptg000028l	88401	88402	22.0	22.0	26.0	31.0
ptg000028l	88501	88502	19.0	22.0	20.0	13.0
ptg000028l	88601	88602	15.0	14.0	14.0	15.0
ptg000028l	88701	88702	13.0	6.0	12.0	12.0
ptg000028l	88801	88802	7.0	15.0	15.0	13.0
ptg000028l	88901	88902	9.0	12.0	12.0	16.0
ptg000028l	89001	89002	3.0	3.0	2.0	2.0
ptg000028l	89101	89102	2.0	2.0	0.0	3.0
ptg000028l	89201	89202	3.0	4.0	0.0	6.0
ptg000028l	89301	89302	4.0	12.0	12.0	19.0
ptg000028l	89401	89402	7.0	15.0	13.0	16.0
ptg000028l	89501	89502	1.0	4.0	4.0	6.0
ptg000028l	89601	89602	2.0	2.0	2.0	5.0
ptg000028l	89701	89702	1.0	2.0	4.0	1.0
ptg000028l	89801	89802	11.0	9.0	9.0	9.0
ptg000028l	89901	89902	8.0	15.0	11.0	10.0
ptg000028l	90001	90002	5.0	10.0	5.0	6.0
ptg000028l	90101	90102	4.0	1.0	0.0	0.0
ptg000028l	90201	90202	1.0	0.0	1.0	0.0
ptg000028l	90301	90302	1.0	0.0	2.0	0.0
ptg000028l	90401	90402	6.0	9.0	9.0	8.0
ptg000028l	90501	90502	17.0	21.0	16.0	15.0
ptg000028l	90601	90602	26.0	27.0	23.0	23.0
ptg000028l	90701	90702	36.0	27.0	30.0	33.0
ptg000028l	90801	90802	42.0	37.0	38.0	47.0
ptg000028l	90901	90902	21.0	14.0	22.0	28.0
ptg000028l	91001	91002	6.0	4.0	6.0	6.0
ptg000028l	91101	91102	15.0	10.0	6.0	15.0
ptg000028l	91201	91202	10.0	15.0	9.0	14.0
ptg000028l	91301	91302	19.0	19.0	15.0	19.0
ptg000028l	91401	91402	27.0	29.0	23.0	24.0
ptg000028l	91501	91502	23.0	27.0	30.0	20.0
ptg000028l	91601	91602	17.0	28.0	30.0	17.0
ptg000028l	91701	91702	7.0	7.0	10.0	10.0
ptg000028l	91801	91802	0.0	6.0	5.0	1.0
ptg000028l	91901	91902	20.0	19.0	15.0	18.0
ptg000028l	92001	92002	30.0	31.0	29.0	35.0
ptg000028l	92101	92102	40.0	20.0	33.0	29.0
ptg000028l	92201	92202	39.0	16.0	22.0	26.0
ptg000028l	92301	92302	31.0	21.0	21.0	19.0
ptg000028l	92401	92402	42.0	24.0	19.0	17.0
ptg000028l	92501	92502	25.0	15.0	13.0	17.0
ptg000028l	92601	92602	3.0	6.0	4.0	1.0
ptg000028l	92701	92702	0.0	2.0	1.0	1.0
ptg000028l	92801	92802	12.0	4.0	9.0	13.0
ptg000028l	92901	92902	3.0	2.0	6.0	8.0
ptg000028l	93001	93002	2.0	0.0	5.0	3.0
ptg000028l	93101	93102	1.0	0.0	0.0	1.0
ptg000028l	93201	93202	9.0	2.0	7.0	9.0
ptg000028l	93301	93302	36.0	27.0	36.0	24.0
ptg000028l	93401	93402	56.0	39.0	37.0	30.0
ptg000028l	93501	93502	75.0	53.0	47.0	37.0
ptg000028l	93601	93602	80.0	52.0	60.0	51.0
ptg000028l	93701	93702	42.0	37.0	37.0	34.0
ptg000028l	93801	93802	18.0	23.0	11.0	11.0
ptg000028l	93901	93902	26.0	11.0	17.0	13.0
ptg000028l	94001	94002	92.0	78.0	84.0	77.0
ptg000028l	94101	94102	94.0	106.0	84.0	99.0
ptg000028l	94201	94202	71.0	60.0	52.0	73.0
ptg000028l	94301	94302	58.0	52.0	58.0	47.0
ptg000028l	94401	94402	68.0	64.0	55.0	60.0
ptg000028l	94501	94502	49.0	48.0	40.0	42.0
ptg000028l	94601	94602	73.0	89.0	87.0	69.0
ptg000028l	94701	94702	62.0	55.0	41.0	57.0
ptg000028l	94801	94802	13.0	28.0	29.0	33.0
ptg000028l	94901	94902	41.0	43.0	49.0	41.0
ptg000028l	95001	95002	47.0	28.0	43.0	26.0
ptg000028l	95101	95102	36.0	36.0	38.0	33.0
ptg000028l	95201	95202	26.0	30.0	30.0	22.0
ptg000028l	95301	95302	15.0	24.0	16.0	19.0
ptg000028l	95401	95402	3.0	7.0	8.0	8.0
ptg000028l	95501	95502	3.0	3.0	4.0	15.0
ptg000028l	95601	95602	21.0	26.0	12.0	26.0
ptg000028l	95701	95702	42.0	51.0	31.0	38.0
ptg000028l	95801	95802	48.0	58.0	40.0	65.0
ptg000028l	95901	95902	47.0	58.0	30.0	62.0
ptg000028l	96001	96002	47.0	65.0	50.0	66.0
ptg000028l	96101	96102	40.0	53.0	39.0	55.0
ptg000028l	96201	96202	32.0	37.0	27.0	32.0
ptg000028l	96301	96302	27.0	40.0	36.0	33.0
ptg000028l	96401	96402	36.0	49.0	31.0	33.0
ptg000028l	96501	96502	46.0	37.0	36.0	27.0
ptg000028l	96601	96602	20.0	20.0	16.0	17.0
ptg000028l	96701	96702	20.0	19.0	10.0	20.0
ptg000028l	96801	96802	1.0	12.0	3.0	11.0
ptg000028l	96901	96902	5.0	14.0	2.0	3.0
ptg000028l	97001	97002	2.0	15.0	2.0	14.0
ptg000028l	97101	97102	2.0	11.0	0.0	16.0
ptg000028l	97201	97202	1.0	5.0	0.0	5.0
ptg000028l	97301	97302	1.0	7.0	5.0	13.0
ptg000028l	97401	97402	5.0	18.0	4.0	20.0
ptg000028l	97501	97502	4.0	33.0	5.0	24.0
ptg000028l	97601	97602	6.0	30.0	3.0	28.0
ptg000028l	97701	97702	18.0	24.0	7.0	17.0
ptg000028l	97801	97802	5.0	5.0	3.0	8.0
ptg000028l	97901	97902	12.0	13.0	10.0	18.0
ptg000028l	98001	98002	16.0	17.0	15.0	9.0
ptg000028l	98101	98102	19.0	21.0	18.0	10.0
ptg000028l	98201	98202	24.0	16.0	20.0	13.0
ptg000028l	98301	98302	7.0	9.0	10.0	13.0
ptg000028l	98401	98402	2.0	3.0	1.0	5.0
ptg000028l	98501	98502	5.0	4.0	3.0	15.0
ptg000028l	98601	98602	2.0	8.0	3.0	4.0
ptg000028l	98701	98702	8.0	5.0	3.0	6.0
ptg000028l	98801	98802	5.0	7.0	8.0	13.0
ptg000028l	98901	98902	2.0	1.0	7.0	7.0
ptg000028l	99001	99002	12.0	13.0	16.0	5.0
ptg000028l	99101	99102	18.0	26.0	23.0	22.0
ptg000028l	99201	99202	10.0	14.0	25.0	22.0
ptg000028l	99301	99302	14.0	17.0	23.0	13.0
ptg000028l	99401	99402	25.0	30.0	25.0	19.0
ptg000028l	99501	99502	29.0	22.0	23.0	17.0
ptg000028l	99601	99602	32.0	36.0	29.0	21.0
ptg000028l	99701	99702	43.0	54.0	34.0	48.0
ptg000028l	99801	99802	31.0	36.0	37.0	46.0
ptg000028l	99901	99902	8.0	8.0	14.0	10.0
ptg000028l	100001	100002	7.0	7.0	14.0	4.0
ptg000028l	100101	100102	19.0	32.0	24.0	23.0
ptg000028l	100201	100202	33.0	32.0	27.0	37.0
ptg000028l	100301	100302	54.0	60.0	37.0	47.0
ptg000028l	100401	100402	33.0	41.0	29.0	35.0
ptg000028l	100501	100502	18.0	25.0	22.0	24.0
ptg000028l	100601	100602	11.0	17.0	18.0	19.0
ptg000028l	100701	100702	10.0	30.0	20.0	17.0
ptg000028l	100801	100802	11.0	19.0	15.0	10.0
ptg000028l	100901	100902	15.0	8.0	11.0	12.0
ptg000028l	101001	101002	13.0	12.0	11.0	12.0
ptg000028l	101101	101102	22.0	18.0	12.0	13.0
ptg000028l	101201	101202	27.0	30.0	21.0	20.0
ptg000028l	101301	101302	19.0	17.0	9.0	10.0
ptg000028l	101401	101402	17.0	25.0	12.0	9.0
ptg000028l	101501	101502	19.0	20.0	15.0	17.0
ptg000028l	101601	101602	26.0	28.0	25.0	28.0
ptg000028l	101701	101702	16.0	30.0	15.0	13.0
ptg000028l	101801	101802	13.0	21.0	17.0	16.0
ptg000028l	101901	101902	18.0	31.0	31.0	20.0
ptg000028l	102001	102002	34.0	27.0	44.0	21.0
ptg000028l	102101	102102	22.0	18.0	13.0	6.0
ptg000028l	102201	102202	20.0	24.0	14.0	17.0
ptg000028l	102301	102302	70.0	73.0	51.0	65.0
ptg000028l	102401	102402	74.0	79.0	51.0	73.0
ptg000028l	102501	102502	30.0	36.0	20.0	38.0
ptg000028l	102601	102602	36.0	42.0	32.0	40.0
ptg000028l	102701	102702	36.0	41.0	31.0	24.0
ptg000028l	102801	102802	41.0	41.0	21.0	19.0
ptg000028l	102901	102902	20.0	21.0	10.0	13.0
ptg000028l	103001	103002	6.0	4.0	6.0	5.0
ptg000028l	103101	103102	17.0	19.0	19.0	28.0
ptg000028l	103201	103202	24.0	13.0	21.0	32.0
ptg000028l	103301	103302	28.0	22.0	19.0	32.0
ptg000028l	103401	103402	34.0	24.0	26.0	30.0
ptg000028l	103501	103502	37.0	20.0	27.0	27.0
ptg000028l	103601	103602	32.0	26.0	26.0	23.0
ptg000028l	103701	103702	36.0	29.0	40.0	29.0
ptg000028l	103801	103802	42.0	36.0	34.0	23.0
ptg000028l	103901	103902	23.0	20.0	22.0	9.0
ptg000028l	104001	104002	27.0	18.0	13.0	15.0
ptg000028l	104101	104102	30.0	22.0	13.0	20.0
ptg000028l	104201	104202	20.0	22.0	18.0	16.0
ptg000028l	104301	104302	25.0	21.0	16.0	12.0
ptg000028l	104401	104402	20.0	12.0	15.0	11.0
ptg000028l	104501	104502	24.0	20.0	25.0	17.0
ptg000028l	104601	104602	16.0	10.0	8.0	6.0
ptg000028l	104701	104702	3.0	2.0	3.0	3.0
ptg000028l	104801	104802	31.0	22.0	32.0	34.0
ptg000028l	104901	104902	61.0	47.0	27.0	42.0
ptg000028l	105001	105002	62.0	34.0	43.0	38.0
ptg000028l	105101	105102	53.0	40.0	50.0	49.0
ptg000028l	105201	105202	67.0	40.0	60.0	47.0
ptg000028l	105301	105302	53.0	50.0	53.0	48.0
ptg000028l	105401	105402	62.0	50.0	52.0	46.0
ptg000028l	105501	105502	57.0	44.0	49.0	30.0
ptg000028l	105601	105602	58.0	39.0	53.0	20.0
ptg000028l	105701	105702	42.0	40.0	52.0	20.0
ptg000028l	105801	105802	51.0	45.0	43.0	22.0
ptg000028l	105901	105902	57.0	41.0	52.0	22.0
ptg000028l	106001	106002	55.0	35.0	58.0	23.0
ptg000028l	106101	106102	48.0	20.0	37.0	16.0
ptg000028l	106201	106202	54.0	13.0	38.0	15.0
ptg000028l	106301	106302	25.0	14.0	26.0	6.0
ptg000028l	106401	106402	2.0	2.0	4.0	1.0
ptg000028l	106501	106502	6.0	3.0	9.0	2.0
ptg000028l	106601	106602	17.0	11.0	22.0	17.0
ptg000028l	106701	106702	19.0	5.0	11.0	5.0
ptg000028l	106801	106802	2.0	3.0	9.0	4.0
ptg000028l	106901	106902	11.0	11.0	21.0	12.0
ptg000028l	107001	107002	18.0	7.0	21.0	21.0
ptg000028l	107101	107102	8.0	2.0	5.0	8.0
ptg000028l	107201	107202	35.0	10.0	29.0	17.0
ptg000028l	107301	107302	58.0	35.0	55.0	44.0
ptg000028l	107401	107402	32.0	36.0	44.0	23.0
ptg000028l	107501	107502	17.0	19.0	29.0	14.0
ptg000028l	107601	107602	1.0	1.0	1.0	0.0
ptg000028l	107701	107702	1.0	1.0	0.0	0.0
ptg000028l	107801	107802	4.0	3.0	2.0	1.0
ptg000028l	107901	107902	11.0	6.0	5.0	5.0
ptg000028l	108001	108002	10.0	2.0	5.0	2.0
ptg000028l	108101	108102	6.0	4.0	7.0	4.0
ptg000028l	108201	108202	16.0	5.0	12.0	7.0
ptg000028l	108301	108302	7.0	9.0	7.0	6.0
ptg000028l	108401	108402	10.0	10.0	6.0	12.0
ptg000028l	108501	108502	7.0	5.0	10.0	13.0
ptg000028l	108601	108602	12.0	15.0	9.0	18.0
ptg000028l	108701	108702	8.0	10.0	9.0	5.0
ptg000028l	108801	108802	12.0	15.0	7.0	8.0
ptg000028l	108901	108902	4.0	5.0	2.0	3.0
ptg000028l	109001	109002	1.0	1.0	3.0	3.0
ptg000028l	109101	109102	4.0	4.0	6.0	1.0
ptg000028l	109201	109202	7.0	12.0	9.0	6.0
ptg000028l	109301	109302	1.0	8.0	1.0	2.0
ptg000028l	109401	109402	2.0	5.0	7.0	5.0
ptg000028l	109501	109502	2.0	4.0	6.0	3.0
ptg000028l	109601	109602	2.0	2.0	1.0	4.0
ptg000028l	109701	109702	6.0	4.0	3.0	6.0
ptg000028l	109801	109802	2.0	0.0	3.0	0.0
ptg000028l	109901	109902	1.0	5.0	4.0	7.0
ptg000028l	110001	110002	7.0	7.0	8.0	14.0
ptg000028l	110101	110102	6.0	4.0	7.0	13.0
ptg000028l	110201	110202	6.0	7.0	15.0	10.0
ptg000028l	110301	110302	10.0	11.0	22.0	15.0
ptg000028l	110401	110402	8.0	5.0	12.0	13.0
ptg000028l	110501	110502	1.0	0.0	1.0	2.0
ptg000028l	110601	110602	4.0	2.0	4.0	5.0
ptg000028l	110701	110702	4.0	3.0	7.0	5.0
ptg000028l	110801	110802	0.0	0.0	3.0	1.0
ptg000028l	110901	110902	2.0	0.0	4.0	3.0
ptg000028l	111001	111002	17.0	16.0	23.0	6.0
ptg000028l	111101	111102	26.0	29.0	26.0	24.0
ptg000028l	111201	111202	38.0	24.0	31.0	23.0
ptg000028l	111301	111302	59.0	17.0	35.0	23.0
ptg000028l	111401	111402	36.0	23.0	34.0	18.0
ptg000028l	111501	111502	32.0	16.0	22.0	20.0
ptg000028l	111601	111602	54.0	29.0	40.0	36.0
ptg000028l	111701	111702	28.0	20.0	21.0	16.0
ptg000028l	111801	111802	19.0	14.0	10.0	9.0
ptg000028l	111901	111902	26.0	11.0	28.0	22.0
ptg000028l	112001	112002	19.0	10.0	20.0	14.0
ptg000028l	112101	112102	19.0	8.0	12.0	7.0
ptg000028l	112201	112202	25.0	14.0	9.0	7.0
ptg000028l	112301	112302	15.0	12.0	5.0	8.0
ptg000028l	112401	112402	7.0	14.0	10.0	6.0
ptg000028l	112501	112502	8.0	5.0	5.0	3.0
ptg000028l	112601	112602	6.0	6.0	2.0	9.0
ptg000028l	112701	112702	8.0	2.0	3.0	7.0
ptg000028l	112801	112802	17.0	14.0	15.0	20.0
ptg000028l	112901	112902	14.0	24.0	20.0	17.0
ptg000028l	113001	113002	18.0	30.0	21.0	12.0
ptg000028l	113101	113102	33.0	47.0	39.0	28.0
ptg000028l	113201	113202	30.0	43.0	34.0	31.0
ptg000028l	113301	113302	33.0	38.0	37.0	33.0
ptg000028l	113401	113402	56.0	49.0	44.0	51.0
ptg000028l	113501	113502	55.0	49.0	41.0	56.0
ptg000028l	113601	113602	66.0	52.0	64.0	52.0
ptg000028l	113701	113702	51.0	49.0	59.0	55.0
ptg000028l	113801	113802	57.0	56.0	71.0	56.0
ptg000028l	113901	113902	54.0	62.0	53.0	49.0
ptg000028l	114001	114002	31.0	35.0	42.0	23.0
ptg000028l	114101	114102	42.0	21.0	26.0	19.0
ptg000028l	114201	114202	32.0	21.0	27.0	13.0
ptg000028l	114301	114302	12.0	15.0	16.0	4.0
ptg000028l	114401	114402	6.0	6.0	11.0	9.0
ptg000028l	114501	114502	16.0	4.0	13.0	11.0
ptg000028l	114601	114602	13.0	2.0	11.0	6.0
ptg000028l	114701	114702	16.0	3.0	13.0	5.0
ptg000028l	114801	114802	10.0	2.0	16.0	4.0
ptg000028l	114901	114902	12.0	0.0	10.0	4.0
ptg000028l	115001	115002	14.0	8.0	14.0	13.0
ptg000028l	115101	115102	22.0	14.0	15.0	10.0
ptg000028l	115201	115202	16.0	11.0	13.0	13.0
ptg000028l	115301	115302	19.0	15.0	19.0	13.0
ptg000028l	115401	115402	19.0	11.0	16.0	7.0
ptg000028l	115501	115502	14.0	8.0	9.0	5.0
ptg000028l	115601	115602	9.0	4.0	8.0	4.0
ptg000028l	115701	115702	12.0	13.0	9.0	9.0
ptg000028l	115801	115802	14.0	9.0	10.0	4.0
ptg000028l	115901	115902	6.0	10.0	10.0	4.0
ptg000028l	116001	116002	11.0	6.0	9.0	7.0
ptg000028l	116101	116102	3.0	5.0	4.0	3.0
ptg000028l	116201	116202	5.0	4.0	3.0	3.0
ptg000028l	116301	116302	0.0	0.0	2.0	0.0
