#plotCoverage --outRawCounts
#'chr'	'start'	'end'	'S1.dedup.bam'	'S2.dedup.bam'	'S3.dedup.bam'	'S4.dedup.bam'
ptg000110l	1	2	0.0	0.0	0.0	0.0
ptg000110l	101	102	0.0	0.0	0.0	0.0
ptg000110l	201	202	0.0	0.0	0.0	1.0
ptg000110l	301	302	1.0	2.0	0.0	3.0
ptg000110l	401	402	0.0	3.0	0.0	3.0
ptg000110l	501	502	2.0	1.0	1.0	3.0
ptg000110l	601	602	4.0	6.0	2.0	5.0
ptg000110l	701	702	144.0	88.0	106.0	84.0
ptg000110l	801	802	121.0	66.0	93.0	66.0
ptg000110l	901	902	0.0	3.0	2.0	2.0
ptg000110l	1001	1002	1.0	5.0	2.0	5.0
ptg000110l	1101	1102	1.0	4.0	6.0	6.0
ptg000110l	1201	1202	5.0	6.0	2.0	2.0
ptg000110l	1301	1302	2.0	5.0	5.0	6.0
ptg000110l	1401	1402	3.0	6.0	5.0	3.0
ptg000110l	1501	1502	1.0	0.0	0.0	0.0
ptg000110l	1601	1602	6.0	2.0	4.0	4.0
ptg000110l	1701	1702	3.0	5.0	5.0	3.0
ptg000110l	1801	1802	3.0	1.0	4.0	1.0
ptg000110l	1901	1902	3.0	2.0	6.0	3.0
ptg000110l	2001	2002	5.0	4.0	7.0	4.0
ptg000110l	2101	2102	6.0	7.0	7.0	6.0
ptg000110l	2201	2202	3.0	4.0	6.0	3.0
ptg000110l	2301	2302	13.0	13.0	1.0	12.0
ptg000110l	2401	2402	141.0	99.0	120.0	72.0
ptg000110l	2501	2502	70.0	41.0	63.0	39.0
ptg000110l	2601	2602	0.0	0.0	3.0	0.0
ptg000110l	2701	2702	3.0	2.0	0.0	2.0
ptg000110l	2801	2802	9.0	10.0	2.0	2.0
ptg000110l	2901	2902	12.0	8.0	9.0	19.0
ptg000110l	3001	3002	0.0	1.0	3.0	5.0
ptg000110l	3101	3102	1.0	1.0	0.0	0.0
ptg000110l	3201	3202	4.0	11.0	11.0	6.0
ptg000110l	3301	3302	55.0	40.0	73.0	31.0
ptg000110l	3401	3402	77.0	80.0	82.0	49.0
ptg000110l	3501	3502	39.0	34.0	16.0	33.0
ptg000110l	3601	3602	0.0	2.0	2.0	1.0
ptg000110l	3701	3702	0.0	1.0	1.0	0.0
ptg000110l	3801	3802	10.0	6.0	13.0	1.0
ptg000110l	3901	3902	10.0	5.0	14.0	5.0
ptg000110l	4001	4002	4.0	5.0	4.0	6.0
ptg000110l	4101	4102	13.0	11.0	11.0	10.0
ptg000110l	4201	4202	57.0	29.0	39.0	31.0
ptg000110l	4301	4302	77.0	46.0	50.0	42.0
ptg000110l	4401	4402	41.0	18.0	26.0	27.0
ptg000110l	4501	4502	5.0	2.0	0.0	2.0
ptg000110l	4601	4602	5.0	3.0	4.0	2.0
ptg000110l	4701	4702	17.0	5.0	9.0	2.0
ptg000110l	4801	4802	16.0	6.0	10.0	5.0
ptg000110l	4901	4902	11.0	6.0	7.0	3.0
ptg000110l	5001	5002	31.0	22.0	27.0	8.0
ptg000110l	5101	5102	38.0	21.0	27.0	9.0
ptg000110l	5201	5202	22.0	9.0	13.0	4.0
ptg000110l	5301	5302	11.0	4.0	6.0	1.0
ptg000110l	5401	5402	16.0	8.0	10.0	3.0
ptg000110l	5501	5502	23.0	9.0	11.0	7.0
ptg000110l	5601	5602	15.0	7.0	4.0	2.0
ptg000110l	5701	5702	9.0	5.0	5.0	3.0
ptg000110l	5801	5802	32.0	16.0	14.0	8.0
ptg000110l	5901	5902	70.0	39.0	37.0	19.0
ptg000110l	6001	6002	95.0	70.0	59.0	41.0
ptg000110l	6101	6102	48.0	35.0	27.0	21.0
ptg000110l	6201	6202	2.0	4.0	6.0	1.0
ptg000110l	6301	6302	4.0	1.0	3.0	1.0
ptg000110l	6401	6402	14.0	4.0	8.0	5.0
ptg000110l	6501	6502	8.0	6.0	11.0	6.0
ptg000110l	6601	6602	17.0	24.0	25.0	8.0
ptg000110l	6701	6702	17.0	16.0	13.0	13.0
ptg000110l	6801	6802	14.0	9.0	9.0	6.0
ptg000110l	6901	6902	20.0	6.0	11.0	11.0
ptg000110l	7001	7002	12.0	5.0	12.0	7.0
ptg000110l	7101	7102	20.0	7.0	11.0	3.0
ptg000110l	7201	7202	11.0	7.0	13.0	1.0
ptg000110l	7301	7302	3.0	1.0	8.0	0.0
ptg000110l	7401	7402	22.0	13.0	22.0	8.0
ptg000110l	7501	7502	2.0	5.0	13.0	3.0
ptg000110l	7601	7602	0.0	0.0	0.0	2.0
ptg000110l	7701	7702	1.0	1.0	0.0	0.0
ptg000110l	7801	7802	4.0	4.0	3.0	6.0
ptg000110l	7901	7902	2.0	0.0	0.0	1.0
ptg000110l	8001	8002	46.0	31.0	41.0	28.0
ptg000110l	8101	8102	52.0	29.0	41.0	41.0
ptg000110l	8201	8202	31.0	27.0	25.0	24.0
ptg000110l	8301	8302	68.0	55.0	58.0	44.0
ptg000110l	8401	8402	6.0	20.0	19.0	10.0
ptg000110l	8501	8502	20.0	30.0	29.0	22.0
ptg000110l	8601	8602	19.0	11.0	12.0	15.0
ptg000110l	8701	8702	12.0	5.0	5.0	2.0
ptg000110l	8801	8802	6.0	4.0	6.0	4.0
ptg000110l	8901	8902	31.0	10.0	23.0	14.0
ptg000110l	9001	9002	33.0	11.0	19.0	7.0
ptg000110l	9101	9102	24.0	14.0	10.0	8.0
ptg000110l	9201	9202	42.0	14.0	16.0	14.0
ptg000110l	9301	9302	12.0	3.0	2.0	1.0
ptg000110l	9401	9402	1.0	1.0	2.0	0.0
ptg000110l	9501	9502	5.0	1.0	7.0	2.0
ptg000110l	9601	9602	8.0	3.0	7.0	1.0
ptg000110l	9701	9702	4.0	0.0	1.0	0.0
ptg000110l	9801	9802	60.0	62.0	46.0	39.0
ptg000110l	9901	9902	104.0	82.0	89.0	51.0
ptg000110l	10001	10002	94.0	92.0	91.0	56.0
ptg000110l	10101	10102	76.0	88.0	81.0	63.0
ptg000110l	10201	10202	24.0	26.0	27.0	16.0
ptg000110l	10301	10302	100.0	90.0	79.0	73.0
ptg000110l	10401	10402	45.0	57.0	42.0	46.0
ptg000110l	10501	10502	29.0	36.0	43.0	24.0
ptg000110l	10601	10602	51.0	49.0	62.0	39.0
ptg000110l	10701	10702	17.0	13.0	15.0	15.0
ptg000110l	10801	10802	6.0	6.0	6.0	7.0
ptg000110l	10901	10902	16.0	10.0	18.0	11.0
ptg000110l	11001	11002	27.0	24.0	42.0	20.0
ptg000110l	11101	11102	24.0	21.0	30.0	12.0
ptg000110l	11201	11202	12.0	14.0	14.0	8.0
ptg000110l	11301	11302	9.0	8.0	3.0	9.0
ptg000110l	11401	11402	5.0	1.0	1.0	6.0
ptg000110l	11501	11502	22.0	4.0	16.0	9.0
ptg000110l	11601	11602	30.0	16.0	18.0	19.0
ptg000110l	11701	11702	7.0	0.0	0.0	2.0
ptg000110l	11801	11802	1.0	1.0	0.0	1.0
ptg000110l	11901	11902	1.0	1.0	1.0	5.0
ptg000110l	12001	12002	6.0	3.0	8.0	13.0
ptg000110l	12101	12102	15.0	10.0	11.0	15.0
ptg000110l	12201	12202	17.0	13.0	14.0	13.0
ptg000110l	12301	12302	14.0	12.0	13.0	7.0
ptg000110l	12401	12402	5.0	2.0	3.0	1.0
ptg000110l	12501	12502	2.0	6.0	3.0	6.0
ptg000110l	12601	12602	2.0	2.0	2.0	3.0
ptg000110l	12701	12702	22.0	14.0	14.0	22.0
ptg000110l	12801	12802	52.0	29.0	33.0	35.0
ptg000110l	12901	12902	16.0	7.0	5.0	10.0
ptg000110l	13001	13002	17.0	8.0	8.0	8.0
ptg000110l	13101	13102	2.0	0.0	0.0	0.0
ptg000110l	13201	13202	53.0	59.0	39.0	44.0
ptg000110l	13301	13302	100.0	108.0	85.0	80.0
ptg000110l	13401	13402	19.0	4.0	4.0	8.0
ptg000110l	13501	13502	43.0	24.0	17.0	16.0
ptg000110l	13601	13602	43.0	10.0	24.0	10.0
ptg000110l	13701	13702	60.0	51.0	40.0	33.0
ptg000110l	13801	13802	69.0	85.0	72.0	76.0
ptg000110l	13901	13902	14.0	7.0	15.0	7.0
ptg000110l	14001	14002	38.0	27.0	25.0	24.0
ptg000110l	14101	14102	31.0	61.0	24.0	25.0
ptg000110l	14201	14202	34.0	38.0	32.0	23.0
ptg000110l	14301	14302	4.0	0.0	2.0	1.0
ptg000110l	14401	14402	3.0	0.0	3.0	0.0
ptg000110l	14501	14502	4.0	3.0	5.0	0.0
ptg000110l	14601	14602	5.0	2.0	3.0	1.0
ptg000110l	14701	14702	1.0	1.0	1.0	0.0
ptg000110l	14801	14802	0.0	1.0	0.0	2.0
ptg000110l	14901	14902	5.0	3.0	5.0	3.0
ptg000110l	15001	15002	14.0	5.0	14.0	16.0
ptg000110l	15101	15102	13.0	21.0	16.0	30.0
ptg000110l	15201	15202	25.0	28.0	23.0	32.0
ptg000110l	15301	15302	20.0	25.0	18.0	17.0
ptg000110l	15401	15402	0.0	3.0	1.0	1.0
ptg000110l	15501	15502	2.0	1.0	3.0	1.0
ptg000110l	15601	15602	5.0	4.0	7.0	5.0
ptg000110l	15701	15702	7.0	8.0	7.0	5.0
ptg000110l	15801	15802	0.0	2.0	0.0	0.0
ptg000110l	15901	15902	12.0	11.0	15.0	14.0
ptg000110l	16001	16002	9.0	11.0	12.0	10.0
ptg000110l	16101	16102	4.0	2.0	1.0	1.0
ptg000110l	16201	16202	3.0	1.0	1.0	1.0
ptg000110l	16301	16302	0.0	0.0	2.0	0.0
ptg000110l	16401	16402	4.0	3.0	1.0	3.0
ptg000110l	16501	16502	4.0	1.0	3.0	2.0
ptg000110l	16601	16602	3.0	2.0	2.0	1.0
ptg000110l	16701	16702	4.0	1.0	3.0	4.0
ptg000110l	16801	16802	7.0	4.0	5.0	3.0
ptg000110l	16901	16902	3.0	4.0	5.0	2.0
ptg000110l	17001	17002	3.0	1.0	2.0	1.0
ptg000110l	17101	17102	34.0	21.0	28.0	27.0
ptg000110l	17201	17202	60.0	35.0	69.0	42.0
ptg000110l	17301	17302	75.0	53.0	80.0	49.0
ptg000110l	17401	17402	11.0	9.0	7.0	3.0
ptg000110l	17501	17502	4.0	2.0	4.0	2.0
ptg000110l	17601	17602	24.0	19.0	23.0	31.0
ptg000110l	17701	17702	56.0	44.0	68.0	50.0
ptg000110l	17801	17802	21.0	26.0	34.0	23.0
ptg000110l	17901	17902	1.0	3.0	1.0	2.0
ptg000110l	18001	18002	1.0	1.0	4.0	1.0
ptg000110l	18101	18102	1.0	5.0	2.0	2.0
ptg000110l	18201	18202	1.0	0.0	0.0	0.0
ptg000110l	18301	18302	1.0	0.0	0.0	1.0
ptg000110l	18401	18402	1.0	1.0	1.0	1.0
ptg000110l	18501	18502	2.0	0.0	0.0	0.0
ptg000110l	18601	18602	0.0	0.0	0.0	1.0
ptg000110l	18701	18702	5.0	7.0	6.0	4.0
ptg000110l	18801	18802	0.0	5.0	3.0	0.0
ptg000110l	18901	18902	5.0	3.0	2.0	2.0
ptg000110l	19001	19002	5.0	4.0	3.0	0.0
ptg000110l	19101	19102	0.0	9.0	4.0	3.0
ptg000110l	19201	19202	3.0	9.0	2.0	3.0
ptg000110l	19301	19302	14.0	9.0	7.0	9.0
ptg000110l	19401	19402	12.0	1.0	7.0	1.0
ptg000110l	19501	19502	4.0	3.0	3.0	2.0
ptg000110l	19601	19602	0.0	2.0	2.0	0.0
ptg000110l	19701	19702	0.0	0.0	1.0	0.0
ptg000110l	19801	19802	6.0	3.0	4.0	0.0
ptg000110l	19901	19902	19.0	14.0	18.0	6.0
ptg000110l	20001	20002	4.0	5.0	12.0	3.0
ptg000110l	20101	20102	0.0	0.0	1.0	0.0
