plotCoverage    error:
ptg000001l      24.50   25.28   25.89   26.36
ptg000002l      25.29   26.09   26.39   26.78
ptg000003l      24.43   25.11   25.96   26.62
ptg000004l      24.40   25.20   25.99   26.59
ptg000005l      24.58   25.69   26.14   27.21
ptg000006l      24.87   25.77   26.48   27.30
ptg000007l      25.30   25.61   26.39   26.47
ptg000008l      24.58   25.60   26.04   27.00
ptg000009l      24.41   25.15   26.05   26.78
ptg000010l      24.91   25.64   26.58   27.39
ptg000011l      25.68   25.86   26.92   26.80
ptg000012l      24.59   25.46   26.16   27.02
ptg000013l      17.02   24.71   18.55   27.42
ptg000014l      27.51   25.61   27.53   28.69
ptg000015l      25.36   26.24   26.52   27.37
ptg000016l      24.79   25.78   26.36   27.25
ptg000017l      24.37   25.25   25.83   26.44
ptg000018l      25.17   25.92   26.40   26.91
ptg000019l      24.06   24.58   25.35   25.65
ptg000020l      24.52   25.34   26.17   26.86
ptg000021l      14.28   10.76   14.36   10.20
ptg000022l      19.88   14.60   19.68   13.75
ptg000023l      17.91   17.53   18.47   17.63
ptg000024l      57.34   57.01   56.47   55.66
ptg000025l      5.62    1.59    5.98    0.71
ptg000026l      23.84   24.17   25.10   24.96
ptg000027l      56.13   47.31   50.44   39.69
ptg000028l      22.19   21.59   20.26   20.04
ptg000029c      12.76   11.25   13.39   11.81
ptg000030l      21.97   19.59   22.67   21.19
ptg000031l      10.70   8.34    10.47   8.24
ptg000032l      25.04   26.89   24.14   23.95
ptg000033l      18.34   15.85   18.24   15.38
ptg000034l      7.84    7.49    8.02    7.81
ptg000035c      15.29   15.59   16.07   15.87
ptg000036l      7.73    7.65    7.97    7.94
ptg000037l      11.96   11.83   12.12   13.26
ptg000038l      8.19    8.75    8.95    10.73
ptg000039l      7.89    8.20    8.22    9.35
ptg000040l      8.10    8.21    8.31    8.83
ptg000041l      25.50   26.21   26.80   27.10
ptg000042l      103.83  105.84  100.84  103.75
ptg000043l      81.73   91.93   80.78   94.48
ptg000044l      32.73   47.44   32.12   49.93
ptg000045l      26.12   27.54   23.94   24.44
ptg000046l      23.60   19.93   20.32   16.82
ptg000047l      55.15   50.10   49.77   41.09
ptg000048l      9.68    9.87    9.97    11.01
ptg000049l      10.23   10.74   10.82   12.66
ptg000051l      4.20    3.38    4.49    3.59
ptg000052l      4.74    4.51    4.73    5.12
ptg000053l      8.75    7.24    8.68    7.24
ptg000054l      5.43    5.08    5.17    6.01
ptg000055l      69.33   63.21   62.05   52.13
ptg000056l      5.00    1.68    4.80    0.74
ptg000057l      38.16   42.08   41.49   55.12
ptg000058l      47.18   53.60   52.99   69.93
ptg000059l      35.28   40.59   40.14   52.74
ptg000060l      32.38   36.99   35.54   49.27
ptg000061l      36.56   41.18   40.70   54.00
ptg000062l      45.92   53.26   52.68   69.35
ptg000063l      32.87   36.70   37.54   50.35
ptg000064l      38.71   42.17   42.51   57.26
ptg000065l      45.50   52.29   52.52   72.14
ptg000066l      39.61   46.44   43.16   59.70
ptg000067l      36.17   40.64   39.59   51.53
ptg000068l      36.19   38.70   41.62   53.07
ptg000069l      35.00   40.09   39.04   51.57
ptg000070l      30.93   33.26   35.79   43.73
ptg000071l      32.60   35.92   37.12   46.46
ptg000072l      29.78   31.41   31.48   42.20
ptg000073l      27.24   27.87   29.13   38.31
ptg000074l      32.47   37.09   37.10   49.04
ptg000075l      34.75   38.70   37.34   48.20
ptg000076l      38.02   43.50   43.71   56.81
ptg000077l      32.15   35.61   36.46   47.28
ptg000078l      36.80   43.79   44.07   57.20
ptg000079l      34.13   38.64   38.26   50.34
ptg000080l      5.17    4.23    5.08    4.94
ptg000081l      1.09    0.32    1.00    0.12
ptg000082l      66.67   81.19   63.95   77.86
ptg000083l      29.62   33.36   33.77   41.83
ptg000084l      22.93   23.75   23.67   28.66
ptg000085l      20.78   21.55   19.27   19.38
ptg000086l      20.19   20.36   16.21   18.01
ptg000087l      105.98  91.62   96.19   74.42
ptg000088l      164.72  189.97  161.36  193.04
ptg000089c      160.50  181.60  156.09  191.04
ptg000090l      32.73   26.97   27.61   21.50
ptg000091l      51.50   56.14   48.12   48.55
ptg000092l      22.98   28.56   27.79   35.96
ptg000093l      60.45   70.82   67.87   91.48
ptg000094l      39.05   44.86   44.47   57.88
ptg000095l      16.87   19.57   20.11   25.89
ptg000096l      43.05   49.44   49.74   65.69
ptg000097l      27.81   30.45   30.23   41.09
ptg000098l      35.08   40.52   40.88   53.70
ptg000099l      28.95   32.65   33.87   43.20
ptg000100l      29.33   32.76   32.92   42.03
ptg000101l      7.21    7.89    6.67    6.87
ptg000102l      10.31   7.47    8.71    6.34
ptg000103l      12.66   9.84    10.98   8.54
ptg000104l      15.44   10.53   14.16   10.01
ptg000105l      14.49   14.17   13.40   11.46
ptg000106l      103.49  92.36   93.91   76.46
ptg000107l      36.57   40.44   40.91   52.34
ptg000108l      24.93   22.62   22.38   19.57
ptg000109l      27.58   28.20   22.93   24.07
ptg000110l      19.68   15.12   16.52   12.37
ptg000111l      10.72   9.42    9.39    8.00
ptg000112l      5.51    4.74    5.15    4.80
ptg000113l      5.07    4.18    4.72    4.79
ptg000114l      5.03    4.18    5.69    5.16